 frequency       inoise_spectrum onoise_spectrum
 1.00000000e+00  7.28235644e-06  3.92316295e-05 
 1.11588399e+00  6.89385934e-06  3.71387115e-05 
 1.24519708e+00  6.52608768e-06  3.51574461e-05 
 1.38949549e+00  6.17793583e-06  3.32818767e-05 
 1.55051578e+00  5.84835709e-06  3.15063647e-05 
 1.73019574e+00  5.53636065e-06  2.98255724e-05 
 1.93069773e+00  5.24100852e-06  2.82344466e-05 
 2.15443469e+00  4.96141277e-06  2.67282038e-05 
 2.40409918e+00  4.69673283e-06  2.53023158e-05 
 2.68269580e+00  4.44617298e-06  2.39524957e-05 
 2.99357729e+00  4.20897995e-06  2.26746855e-05 
 3.34048498e+00  3.98444065e-06  2.14650437e-05 
 3.72759372e+00  3.77188002e-06  2.03199336e-05 
 4.15956216e+00  3.57065904e-06  1.92359126e-05 
 4.64158883e+00  3.38017275e-06  1.82097218e-05 
 5.17947468e+00  3.19984850e-06  1.72382761e-05 
 5.77969288e+00  3.02914416e-06  1.63186548e-05 
 6.44946677e+00  2.86754653e-06  1.54480934e-05 
 7.19685673e+00  2.71456978e-06  1.46239746e-05 
 8.03085722e+00  2.56975402e-06  1.38438208e-05 
 8.96150502e+00  2.43266388e-06  1.31052866e-05 
 1.00000000e+01  2.30288721e-06  1.24061516e-05 
 1.11588399e+01  2.18003386e-06  1.17443140e-05 
 1.24519708e+01  2.06373449e-06  1.11177841e-05 
 1.38949549e+01  1.95363945e-06  1.05246783e-05 
 1.55051578e+01  1.84941776e-06  9.96321353e-06 
 1.73019574e+01  1.75075609e-06  9.43170180e-06 
 1.93069773e+01  1.65735784e-06  8.92854519e-06 
 2.15443469e+01  1.56894221e-06  8.45223105e-06 
 2.40409918e+01  1.48524338e-06  8.00132739e-06 
 2.68269580e+01  1.40600974e-06  7.57447864e-06 
 2.99357729e+01  1.33100308e-06  7.17040152e-06 
 3.34048498e+01  1.25999790e-06  6.78788124e-06 
 3.72759372e+01  1.19278073e-06  6.42576780e-06 
 4.15956216e+01  1.12914949e-06  6.08297256e-06 
 4.64158883e+01  1.06891289e-06  5.75846496e-06 
 5.17947468e+01  1.01188983e-06  5.45126939e-06 
 5.77969288e+01  9.57908875e-07  5.16046232e-06 
 6.44946677e+01  9.06807745e-07  4.88516948e-06 
 7.19685673e+01  8.58432810e-07  4.62456324e-06 
 8.03085722e+01  8.12638637e-07  4.37786012e-06 
 8.96150502e+01  7.69287550e-07  4.14431844e-06 
 1.00000000e+02  7.28249223e-07  3.92323610e-06 
 1.11588399e+02  6.89400277e-07  3.71394842e-06 
 1.24519708e+02  6.52623920e-07  3.51582623e-06 
 1.38949549e+02  6.17809588e-07  3.32827389e-06 
 1.55051578e+02  5.84852617e-07  3.15072756e-06 
 1.73019574e+02  5.53653925e-07  2.98265346e-06 
 1.93069773e+02  5.24119719e-07  2.82354630e-06 
 2.15443469e+02  4.96161207e-07  2.67292775e-06 
 2.40409918e+02  4.69694336e-07  2.53034499e-06 
 2.68269580e+02  4.44639538e-07  2.39536937e-06 
 2.99357729e+02  4.20921488e-07  2.26759511e-06 
 3.34048498e+02  3.98468881e-07  2.14663806e-06 
 3.72759372e+02  3.77214217e-07  2.03213458e-06 
 4.15956216e+02  3.57093596e-07  1.92374045e-06 
 4.64158883e+02  3.38046528e-07  1.82112977e-06 
 5.17947468e+02  3.20015751e-07  1.72399408e-06 
 5.77969288e+02  3.02947058e-07  1.63204134e-06 
 6.44946677e+02  2.86789134e-07  1.54499510e-06 
 7.19685673e+02  2.71493403e-07  1.46259369e-06 
 8.03085722e+02  2.57013879e-07  1.38458936e-06 
 8.96150502e+02  2.43307033e-07  1.31074762e-06 
 1.00000000e+03  2.30331656e-07  1.24084646e-06 
 1.11588399e+03  2.18048740e-07  1.17467573e-06 
 1.24519708e+03  2.06421358e-07  1.11203651e-06 
 1.38949549e+03  1.95414553e-07  1.05274047e-06 
 1.55051578e+03  1.84995235e-07  9.96609351e-07 
 1.73019574e+03  1.75132081e-07  9.43474403e-07 
 1.93069773e+03  1.65795436e-07  8.93175881e-07 
 2.15443469e+03  1.56957233e-07  8.45562569e-07 
 2.40409918e+03  1.48590901e-07  8.00491325e-07 
 2.68269580e+03  1.40671286e-07  7.57826647e-07 
 2.99357729e+03  1.33174580e-07  7.17440269e-07 
 3.34048498e+03  1.26078244e-07  6.79210776e-07 
 3.72759372e+03  1.19360946e-07  6.43023234e-07 
 4.15956216e+03  1.13002489e-07  6.08768850e-07 
 4.64158883e+03  1.06983757e-07  5.76344643e-07 
 5.17947468e+03  1.01286657e-07  5.45653132e-07 
 5.77969288e+03  9.58940603e-08  5.16602046e-07 
 6.44946677e+03  9.07897546e-08  4.89104048e-07 
 7.19685673e+03  8.59583944e-08  4.63076465e-07 
 8.03085722e+03  8.13854546e-08  4.38441049e-07 
 8.96150502e+03  7.70571868e-08  4.15123734e-07 
 1.00000000e+04  7.29605783e-08  3.93054418e-07 
 1.11588399e+04  6.90833128e-08  3.72166750e-07 
 1.24519708e+04  6.54137332e-08  3.52397931e-07 
 1.38949549e+04  6.19408068e-08  3.33688525e-07 
 1.55051578e+04  5.86540920e-08  3.15982282e-07 
 1.73019574e+04  5.55437068e-08  2.99225964e-07 
 1.93069773e+04  5.26002992e-08  2.83369190e-07 
 2.15443469e+04  4.98150189e-08  2.68364283e-07 
 2.40409918e+04  4.71794910e-08  2.54166124e-07 
 2.68269580e+04  4.46857904e-08  2.40732019e-07 
 2.99357729e+04  4.23264181e-08  2.28021570e-07 
 3.34048498e+04  4.00942785e-08  2.15996551e-07 
 3.72759372e+04  3.79826583e-08  2.04620797e-07 
 4.15956216e+04  3.59852058e-08  1.93860088e-07 
 4.64158883e+04  3.40959122e-08  1.83682055e-07 
 5.17947468e+04  3.23090930e-08  1.74056073e-07 
 5.77969288e+04  3.06193710e-08  1.64953175e-07 
 6.44946677e+04  2.90216601e-08  1.56345961e-07 
 7.19685673e+04  2.75111497e-08  1.48208514e-07 
 8.03085722e+04  2.60832900e-08  1.40516326e-07 
 8.96150502e+04  2.47337785e-08  1.33246215e-07 
 1.00000000e+05  2.34585463e-08  1.26376263e-07 
 1.11588399e+05  2.22537459e-08  1.19885743e-07 
 1.24519708e+05  2.11157393e-08  1.13755055e-07 
 1.38949549e+05  2.00410866e-08  1.07965669e-07 
 1.55051578e+05  1.90265354e-08  1.02500062e-07 
 1.73019574e+05  1.80690103e-08  9.73416670e-08 
 1.93069773e+05  1.71656035e-08  9.24748191e-08 
 2.15443469e+05  1.63135652e-08  8.78847041e-08 
 2.40409918e+05  1.55102945e-08  8.35573111e-08 
 2.68269580e+05  1.47533313e-08  7.94793865e-08 
 2.99357729e+05  1.40403477e-08  7.56383897e-08 
 3.34048498e+05  1.33691404e-08  7.20224504e-08 
 3.72759372e+05  1.27376227e-08  6.86203276e-08 
 4.15956216e+05  1.21438174e-08  6.54213702e-08 
 4.64158883e+05  1.15858500e-08  6.24154788e-08 
 5.17947468e+05  1.10619414e-08  5.95930693e-08 
 5.77969288e+05  1.05704014e-08  5.69450368e-08 
 6.44946677e+05  1.01096228e-08  5.44627224e-08 
 7.19685673e+05  9.67807487e-09  5.21378800e-08 
 8.03085722e+05  9.27429779e-09  4.99626450e-08 
 8.96150502e+05  8.89689708e-09  4.79295050e-08 
 1.00000000e+06  8.54453844e-09  4.60312720e-08 
 1.11588399e+06  8.21594294e-09  4.42610559e-08 
 1.24519708e+06  7.90988256e-09  4.26122413e-08 
 1.38949549e+06  7.62517624e-09  4.10784654e-08 
 1.55051578e+06  7.36068626e-09  3.96535989e-08 
 1.73019574e+06  7.11531522e-09  3.83317300e-08 
 1.93069773e+06  6.88800346e-09  3.71071498e-08 
 2.15443469e+06  6.67772701e-09  3.59743420e-08 
 2.40409918e+06  6.48349601e-09  3.49279738e-08 
 2.68269580e+06  6.30435367e-09  3.39628908e-08 
 2.99357729e+06  6.13937563e-09  3.30741128e-08 
 3.34048498e+06  5.98766965e-09  3.22568331e-08 
 3.72759372e+06  5.84837578e-09  3.15064185e-08 
 4.15956216e+06  5.72066657e-09  3.08184111e-08 
 4.64158883e+06  5.60374763e-09  3.01885309e-08 
 5.17947468e+06  5.49685815e-09  2.96126787e-08 
 5.77969288e+06  5.39927151e-09  2.90869394e-08 
 6.44946677e+06  5.31029575e-09  2.86075843e-08 
 7.19685673e+06  5.22927395e-09  2.81710734e-08 
 8.03085722e+06  5.15558451e-09  2.77740568e-08 
 8.96150502e+06  5.08864109e-09  2.74133741e-08 
 1.00000000e+07  5.02789245e-09  2.70860537e-08 
 1.11588399e+07  4.97282199e-09  2.67893100e-08 
 1.24519708e+07  4.92294714e-09  2.65205401e-08 
 1.38949549e+07  4.87781842e-09  2.62773188e-08 
 1.55051578e+07  4.83701848e-09  2.60573929e-08 
 1.73019574e+07  4.80016083e-09  2.58586744e-08 
 1.93069773e+07  4.76688855e-09  2.56792330e-08 
 2.15443469e+07  4.73687281e-09  2.55172880e-08 
 2.40409918e+07  4.70981142e-09  2.53712000e-08 
 2.68269580e+07  4.68542723e-09  2.52394616e-08 
 2.99357729e+07  4.66346661e-09  2.51206887e-08 
 3.34048498e+07  4.64369786e-09  2.50136109e-08 
 3.72759372e+07  4.62590969e-09  2.49170626e-08 
 4.15956216e+07  4.60990973e-09  2.48299730e-08 
 4.64158883e+07  4.59552308e-09  2.47513575e-08 
 5.17947468e+07  4.58259091e-09  2.46803073e-08 
 5.77969288e+07  4.57096917e-09  2.46159807e-08 
 6.44946677e+07  4.56052734e-09  2.45575925e-08 
 7.19685673e+07  4.55114724e-09  2.45044041e-08 
 8.03085722e+07  4.54272193e-09  2.44557128e-08 
 8.96150502e+07  4.53515472e-09  2.44108402e-08 
 1.00000000e+08  4.52835818e-09  2.43691195e-08 
