 frequency       inoise_spectrum onoise_spectrum
 1.00000000e+00  2.37830592e-06  2.39999014e-05 
 1.11588399e+00  2.25155619e-06  2.27208477e-05 
 1.24519708e+00  2.13157545e-06  2.15101010e-05 
 1.38949549e+00  2.01800299e-06  2.03640214e-05 
 1.55051578e+00  1.91049737e-06  1.92791634e-05 
 1.73019574e+00  1.80873539e-06  1.82522655e-05 
 1.93069773e+00  1.71241111e-06  1.72802403e-05 
 2.15443469e+00  1.62123494e-06  1.63601656e-05 
 2.40409918e+00  1.53493278e-06  1.54892754e-05 
 2.68269580e+00  1.45324515e-06  1.46649513e-05 
 2.99357729e+00  1.37592648e-06  1.38847150e-05 
 3.34048498e+00  1.30274431e-06  1.31462209e-05 
 3.72759372e+00  1.23347863e-06  1.24472488e-05 
 4.15956216e+00  1.16792117e-06  1.17856970e-05 
 4.64158883e+00  1.10587486e-06  1.11595768e-05 
 5.17947468e+00  1.04715314e-06  1.05670057e-05 
 5.77969288e+00  9.91579469e-07  1.00062020e-05 
 6.44946677e+00  9.38986749e-07  9.47547967e-06 
 7.19685673e+00  8.89216853e-07  8.97324294e-06 
 8.03085722e+00  8.42120136e-07  8.49798172e-06 
 8.96150502e+00  7.97554984e-07  8.04826697e-06 
 1.00000000e+01  7.55387391e-07  7.62274641e-06 
 1.11588399e+01  7.15490555e-07  7.22014045e-06 
 1.24519708e+01  6.77744491e-07  6.83923832e-06 
 1.38949549e+01  6.42035679e-07  6.47889444e-06 
 1.55051578e+01  6.08256712e-07  6.13802496e-06 
 1.73019574e+01  5.76305976e-07  5.81560450e-06 
 1.93069773e+01  5.46087345e-07  5.51066300e-06 
 2.15443469e+01  5.17509885e-07  5.22228285e-06 
 2.40409918e+01  4.90487584e-07  4.94959608e-06 
 2.68269580e+01  4.64939087e-07  4.69178173e-06 
 2.99357729e+01  4.40787450e-07  4.44806332e-06 
 3.34048498e+01  4.17959905e-07  4.21770657e-06 
 3.72759372e+01  3.96387638e-07  4.00001705e-06 
 4.15956216e+01  3.76005577e-07  3.79433811e-06 
 4.64158883e+01  3.56752194e-07  3.60004885e-06 
 5.17947468e+01  3.38569310e-07  3.41656218e-06 
 5.77969288e+01  3.21401916e-07  3.24332300e-06 
 6.44946677e+01  3.05197999e-07  3.07980644e-06 
 7.19685673e+01  2.89908379e-07  2.92551621e-06 
 8.03085722e+01  2.75486550e-07  2.77998301e-06 
 8.96150502e+01  2.61888530e-07  2.64276301e-06 
 1.00000000e+02  2.49072717e-07  2.51343639e-06 
 1.11588399e+02  2.36999748e-07  2.39160595e-06 
 1.24519708e+02  2.25632371e-07  2.27689575e-06 
 1.38949549e+02  2.14935312e-07  2.16894987e-06 
 1.55051578e+02  2.04875157e-07  2.06743107e-06 
 1.73019574e+02  1.95420226e-07  1.97201972e-06 
 1.93069773e+02  1.86540467e-07  1.88241251e-06 
 2.15443469e+02  1.78207338e-07  1.79832145e-06 
 2.40409918e+02  1.70393703e-07  1.71947269e-06 
 2.68269580e+02  1.63073733e-07  1.64560560e-06 
 2.99357729e+02  1.56222804e-07  1.57647167e-06 
 3.34048498e+02  1.49817406e-07  1.51183368e-06 
 3.72759372e+02  1.43835054e-07  1.45146472e-06 
 4.15956216e+02  1.38254209e-07  1.39514744e-06 
 4.64158883e+02  1.33054199e-07  1.34267322e-06 
 5.17947468e+02  1.28215150e-07  1.29384153e-06 
 5.77969288e+02  1.23717929e-07  1.24845929e-06 
 6.44946677e+02  1.19544087e-07  1.20634032e-06 
 7.19685673e+02  1.15675812e-07  1.16730489e-06 
 8.03085722e+02  1.12095899e-07  1.13117936e-06 
 8.96150502e+02  1.08787714e-07  1.09779590e-06 
 1.00000000e+03  1.05735180e-07  1.06699224e-06 
 1.11588399e+03  1.02922759e-07  1.03861162e-06 
 1.24519708e+03  1.00335452e-07  1.01250266e-06 
 1.38949549e+03  9.79587918e-08  9.88519375e-07 
 1.55051578e+03  9.57788538e-08  9.66521251e-07 
 1.73019574e+03  9.37822590e-08  9.46373278e-07 
 1.93069773e+03  9.19561847e-08  9.27946062e-07 
 2.15443469e+03  9.02883740e-08  9.11115915e-07 
 2.40409918e+03  8.87671446e-08  8.95764950e-07 
 2.68269580e+03  8.73813955e-08  8.81781149e-07 
 2.99357729e+03  8.61206123e-08  8.69058407e-07 
 3.34048498e+03  8.49748677e-08  8.57496552e-07 
 3.72759372e+03  8.39348199e-08  8.47001312e-07 
 4.15956216e+03  8.29917055e-08  8.37484261e-07 
 4.64158883e+03  8.21373309e-08  8.28862717e-07 
 5.17947468e+03  8.13640578e-08  8.21059607e-07 
 5.77969288e+03  8.06647873e-08  8.14003301e-07 
 6.44946677e+03  8.00329406e-08  8.07627415e-07 
 7.19685673e+03  7.94624369e-08  8.01870599e-07 
 8.03085722e+03  7.89476702e-08  7.96676292e-07 
 8.96150502e+03  7.84834848e-08  7.91992479e-07 
 1.00000000e+04  7.80651492e-08  7.87771434e-07 
 1.11588399e+04  7.76883306e-08  7.83969452e-07 
 1.24519708e+04  7.73490683e-08  7.80546594e-07 
 1.38949549e+04  7.70437486e-08  7.77466425e-07 
 1.55051578e+04  7.67690792e-08  7.74695764e-07 
 1.73019574e+04  7.65220648e-08  7.72204436e-07 
 1.93069773e+04  7.62999840e-08  7.69965043e-07 
 2.15443469e+04  7.61003666e-08  7.67952736e-07 
 2.40409918e+04  7.59209725e-08  7.66145010e-07 
 2.68269580e+04  7.57597716e-08  7.64521502e-07 
 2.99357729e+04  7.56149250e-08  7.63063807e-07 
 3.34048498e+04  7.54847669e-08  7.61755308e-07 
 3.72759372e+04  7.53677883e-08  7.60581013e-07 
 4.15956216e+04  7.52626212e-08  7.59527414e-07 
 4.64158883e+04  7.51680237e-08  7.58582347e-07 
 5.17947468e+04  7.50828665e-08  7.57734872e-07 
 5.77969288e+04  7.50061190e-08  7.56975161e-07 
 6.44946677e+04  7.49368372e-08  7.56294396e-07 
 7.19685673e+04  7.48741509e-08  7.55684679e-07 
 8.03085722e+04  7.48172515e-08  7.55138951e-07 
 8.96150502e+04  7.47653798e-08  7.54650917e-07 
 1.00000000e+05  7.47178134e-08  7.54214988e-07 
 1.11588399e+05  7.46738527e-08  7.53826225e-07 
 1.24519708e+05  7.46328074e-08  7.53480291e-07 
 1.38949549e+05  7.45939796e-08  7.53173421e-07 
 1.55051578e+05  7.45566465e-08  7.52902392e-07 
 1.73019574e+05  7.45200395e-08  7.52664509e-07 
 1.93069773e+05  7.44833202e-08  7.52457597e-07 
 2.15443469e+05  7.44455521e-08  7.52280006e-07 
 2.40409918e+05  7.44056667e-08  7.52130639e-07 
 2.68269580e+05  7.43624239e-08  7.52008976e-07 
 2.99357729e+05  7.43143634e-08  7.51915138e-07 
 3.34048498e+05  7.42597476e-08  7.51849954e-07 
 3.72759372e+05  7.41964928e-08  7.51815066e-07 
 4.15956216e+05  7.41220887e-08  7.51813054e-07 
 4.64158883e+05  7.40335033e-08  7.51847603e-07 
 5.17947468e+05  7.39270734e-08  7.51923706e-07 
 5.77969288e+05  7.37983804e-08  7.52047917e-07 
 6.44946677e+05  7.36421147e-08  7.52228660e-07 
 7.19685673e+05  7.34519325e-08  7.52476596e-07 
 8.03085722e+05  7.32203154e-08  7.52805061e-07 
 8.96150502e+05  7.29384497e-08  7.53230567e-07 
 1.00000000e+06  7.25961496e-08  7.53773371e-07 
 1.11588399e+06  7.21818613e-08  7.54458088e-07 
 1.24519708e+06  7.16827942e-08  7.55314322e-07 
 1.38949549e+06  7.10852396e-08  7.56377243e-07 
 1.55051578e+06  7.03751378e-08  7.57688021e-07 
 1.73019574e+06  6.95389487e-08  7.59293944e-07 
 1.93069773e+06  6.85648470e-08  7.61247998e-07 
 2.15443469e+06  6.74442067e-08  7.63607585e-07 
 2.40409918e+06  6.61732443e-08  7.66431952e-07 
 2.68269580e+06  6.47545856e-08  7.69777835e-07 
 2.99357729e+06  6.31984268e-08  7.73692789e-07 
 3.34048498e+06  6.15229235e-08  7.78205770e-07 
 3.72759372e+06  5.97535196e-08  7.83314803e-07 
 4.15956216e+06  5.79211077e-08  7.88972127e-07 
 4.64158883e+06  5.60591879e-08  7.95068005e-07 
 5.17947468e+06  5.42004488e-08  8.01415319e-07 
 5.77969288e+06  5.23733543e-08  8.07737970e-07 
 6.44946677e+06  5.05993154e-08  8.13666393e-07 
 7.19685673e+06  4.88908667e-08  8.18743004e-07 
 8.03085722e+06  4.72510278e-08  8.22438857e-07 
 8.96150502e+06  4.56737961e-08  8.24180653e-07 
 1.00000000e+07  4.41455532e-08  8.23385223e-07 
 1.11588399e+07  4.26471047e-08  8.19497528e-07 
 1.24519708e+07  4.11560835e-08  8.12028427e-07 
 1.38949549e+07  3.96494939e-08  8.00589602e-07 
 1.55051578e+07  3.81062144e-08  7.84924157e-07 
 1.73019574e+07  3.65092888e-08  7.64931763e-07 
 1.93069773e+07  3.48478172e-08  7.40686497e-07 
 2.15443469e+07  3.31182407e-08  7.12444412e-07 
 2.40409918e+07  3.13248299e-08  6.80637363e-07 
 2.68269580e+07  2.94792710e-08  6.45850697e-07 
 2.99357729e+07  2.75993835e-08  6.08785204e-07 
 3.34048498e+07  2.57071736e-08  5.70207309e-07 
 3.72759372e+07  2.38265576e-08  5.30894479e-07 
 4.15956216e+07  2.19811331e-08  4.91583903e-07 
 4.64158883e+07  2.01923196e-08  4.52931269e-07 
 5.17947468e+07  1.84780661e-08  4.15483680e-07 
 5.77969288e+07  1.68521741e-08  3.79667399e-07 
 6.44946677e+07  1.53241696e-08  3.45788470e-07 
 7.19685673e+07  1.38995832e-08  3.14042750e-07 
 8.03085722e+07  1.25804863e-08  2.84531540e-07 
 8.96150502e+07  1.13661416e-08  2.57279516e-07 
 1.00000000e+08  1.02536657e-08  2.32252494e-07 
