 frequency       inoise_spectrum onoise_spectrum
 1.00000000e+00  1.99530391e-05  1.06446880e-04 
 1.11588399e+00  1.88885897e-05  1.00768180e-04 
 1.24519708e+00  1.78809263e-05  9.53924265e-05 
 1.38949549e+00  1.69270195e-05  9.03034571e-05 
 1.55051578e+00  1.60240014e-05  8.54859727e-05 
 1.73019574e+00  1.51691574e-05  8.09254903e-05 
 1.93069773e+00  1.43599173e-05  7.66082993e-05 
 2.15443469e+00  1.35938484e-05  7.25214208e-05 
 2.40409918e+00  1.28686475e-05  6.86525681e-05 
 2.68269580e+00  1.21821345e-05  6.49901100e-05 
 2.99357729e+00  1.15322454e-05  6.15230359e-05 
 3.34048498e+00  1.09170264e-05  5.82409224e-05 
 3.72759372e+00  1.03346280e-05  5.51339023e-05 
 4.15956216e+00  9.78329928e-06  5.21926347e-05 
 4.64158883e+00  9.26138268e-06  4.94082773e-05 
 5.17947468e+00  8.76730917e-06  4.67724591e-05 
 5.77969288e+00  8.29959338e-06  4.42772560e-05 
 6.44946677e+00  7.85682920e-06  4.19151664e-05 
 7.19685673e+00  7.43768550e-06  3.96790890e-05 
 8.03085722e+00  7.04090219e-06  3.75623014e-05 
 8.96150502e+00  6.66528640e-06  3.55584398e-05 
 1.00000000e+01  6.30970889e-06  3.36614798e-05 
 1.11588399e+01  5.97310065e-06  3.18657185e-05 
 1.24519708e+01  5.65444974e-06  3.01657571e-05 
 1.38949549e+01  5.35279815e-06  2.85564850e-05 
 1.55051578e+01  5.06723903e-06  2.70330641e-05 
 1.73019574e+01  4.79691387e-06  2.55909143e-05 
 1.93069773e+01  4.54100999e-06  2.42257002e-05 
 2.15443469e+01  4.29875803e-06  2.29333174e-05 
 2.40409918e+01  4.06942970e-06  2.17098805e-05 
 2.68269580e+01  3.85233556e-06  2.05517114e-05 
 2.99357729e+01  3.64682294e-06  1.94553282e-05 
 3.34048498e+01  3.45227400e-06  1.84174348e-05 
 3.72759372e+01  3.26810386e-06  1.74349109e-05 
 4.15956216e+01  3.09375882e-06  1.65048027e-05 
 4.64158883e+01  2.92871475e-06  1.56243139e-05 
 5.17947468e+01  2.77247546e-06  1.47907976e-05 
 5.77969288e+01  2.62457124e-06  1.40017477e-05 
 6.44946677e+01  2.48455744e-06  1.32547922e-05 
 7.19685673e+01  2.35201312e-06  1.25476854e-05 
 8.03085722e+01  2.22653981e-06  1.18783016e-05 
 8.96150502e+01  2.10776029e-06  1.12446282e-05 
 1.00000000e+02  1.99531747e-06  1.06447603e-05 
 1.11588399e+02  1.88887329e-06  1.00768944e-05 
 1.24519708e+02  1.78810776e-06  9.53932333e-06 
 1.38949549e+02  1.69271793e-06  9.03043093e-06 
 1.55051578e+02  1.60241702e-06  8.54868730e-06 
 1.73019574e+02  1.51693356e-06  8.09264413e-06 
 1.93069773e+02  1.43601056e-06  7.66093039e-06 
 2.15443469e+02  1.35940473e-06  7.25224821e-06 
 2.40409918e+02  1.28688577e-06  6.86536891e-06 
 2.68269580e+02  1.21823565e-06  6.49912942e-06 
 2.99357729e+02  1.15324799e-06  6.15242868e-06 
 3.34048498e+02  1.09172741e-06  5.82422438e-06 
 3.72759372e+02  1.03348897e-06  5.51352981e-06 
 4.15956216e+02  9.78357567e-07  5.21941093e-06 
 4.64158883e+02  9.26167465e-07  4.94098349e-06 
 5.17947468e+02  8.76761759e-07  4.67741045e-06 
 5.77969288e+02  8.29991919e-07  4.42789941e-06 
 6.44946677e+02  7.85717336e-07  4.19170024e-06 
 7.19685673e+02  7.43804906e-07  3.96810285e-06 
 8.03085722e+02  7.04128624e-07  3.75643503e-06 
 8.96150502e+02  6.66569209e-07  3.55606041e-06 
 1.00000000e+03  6.31013743e-07  3.36637661e-06 
 1.11588399e+03  5.97355335e-07  3.18681336e-06 
 1.24519708e+03  5.65492794e-07  3.01683083e-06 
 1.38949549e+03  5.35330331e-07  2.85591799e-06 
 1.55051578e+03  5.06777265e-07  2.70359108e-06 
 1.73019574e+03  4.79747756e-07  2.55939215e-06 
 1.93069773e+03  4.54160543e-07  2.42288769e-06 
 2.15443469e+03  4.29938702e-07  2.29366730e-06 
 2.40409918e+03  4.07009414e-07  2.17134252e-06 
 2.68269580e+03  3.85303743e-07  2.05554558e-06 
 2.99357729e+03  3.64756436e-07  1.94592835e-06 
 3.34048498e+03  3.45305719e-07  1.84216130e-06 
 3.72759372e+03  3.26893117e-07  1.74393245e-06 
 4.15956216e+03  3.09463275e-07  1.65094650e-06 
 4.64158883e+03  2.92963791e-07  1.56292389e-06 
 5.17947468e+03  2.77345062e-07  1.47959999e-06 
 5.77969288e+03  2.62560134e-07  1.40072431e-06 
 6.44946677e+03  2.48564556e-07  1.32605972e-06 
 7.19685673e+03  2.35316254e-07  1.25538174e-06 
 8.03085722e+03  2.22775396e-07  1.18847789e-06 
 8.96150502e+03  2.10904283e-07  1.12514704e-06 
 1.00000000e+04  1.99667223e-07  1.06519878e-06 
 1.11588399e+04  1.89030434e-07  1.00845289e-06 
 1.24519708e+04  1.78961938e-07  9.54738767e-07 
 1.38949549e+04  1.69431466e-07  9.03894931e-07 
 1.55051578e+04  1.60410364e-07  8.55768522e-07 
 1.73019574e+04  1.51871512e-07  8.10214853e-07 
 1.93069773e+04  1.43789239e-07  7.67096971e-07 
 2.15443469e+04  1.36139246e-07  7.26285245e-07 
 2.40409918e+04  1.28898532e-07  6.87656979e-07 
 2.68269580e+04  1.22045331e-07  6.51096037e-07 
 2.99357729e+04  1.15559038e-07  6.16492501e-07 
 3.34048498e+04  1.09420151e-07  5.83742335e-07 
 3.72759372e+04  1.03610214e-07  5.52747074e-07 
 4.15956216e+04  9.81117589e-08  5.23413528e-07 
 4.64158883e+04  9.29082540e-08  4.95653504e-07 
 5.17947468e+04  8.79840540e-08  4.69383534e-07 
 5.77969288e+04  8.33243529e-08  4.44524632e-07 
 6.44946677e+04  7.89151396e-08  4.21002050e-07 
 7.19685673e+04  7.47431556e-08  3.98745056e-07 
 8.03085722e+04  7.07958553e-08  3.77686720e-07 
 8.96150502e+04  6.70613677e-08  3.57763712e-07 
 1.00000000e+05  6.35284612e-08  3.38916113e-07 
 1.11588399e+05  6.01865093e-08  3.21087232e-07 
 1.24519708e+05  5.70254587e-08  3.04223437e-07 
 1.38949549e+05  5.40357989e-08  2.88273989e-07 
 1.55051578e+05  5.12085334e-08  2.73190893e-07 
 1.73019574e+05  4.85351525e-08  2.58928752e-07 
 1.93069773e+05  4.60076072e-08  2.45444625e-07 
 2.15443469e+05  4.36182853e-08  2.32697901e-07 
 2.40409918e+05  4.13599874e-08  2.20650174e-07 
 2.68269580e+05  3.92259057e-08  2.09265124e-07 
 2.99357729e+05  3.72096024e-08  1.98508407e-07 
 3.34048498e+05  3.53049902e-08  1.88347546e-07 
 3.72759372e+05  3.35063134e-08  1.78751838e-07 
 4.15956216e+05  3.18081297e-08  1.69692247e-07 
 4.64158883e+05  3.02052936e-08  1.61141322e-07 
 5.17947468e+05  2.86929394e-08  1.53073107e-07 
 5.77969288e+05  2.72664661e-08  1.45463055e-07 
 6.44946677e+05  2.59215223e-08  1.38287952e-07 
 7.19685673e+05  2.46539920e-08  1.31525840e-07 
 8.03085722e+05  2.34599809e-08  1.25155943e-07 
 8.96150502e+05  2.23358030e-08  1.19158596e-07 
 1.00000000e+06  2.12779682e-08  1.13515180e-07 
 1.11588399e+06  2.02831699e-08  1.08208056e-07 
 1.24519708e+06  1.93482734e-08  1.03220499e-07 
 1.38949549e+06  1.84703044e-08  9.85366416e-08 
 1.55051578e+06  1.76464381e-08  9.41414138e-08 
 1.73019574e+06  1.68739886e-08  9.00204863e-08 
 1.93069773e+06  1.61503987e-08  8.61602171e-08 
 2.15443469e+06  1.54732307e-08  8.25475998e-08 
 2.40409918e+06  1.48401564e-08  7.91702145e-08 
 2.68269580e+06  1.42489491e-08  7.60161812e-08 
 2.99357729e+06  1.36974754e-08  7.30741173e-08 
 3.34048498e+06  1.31836874e-08  7.03330968e-08 
 3.72759372e+06  1.27056161e-08  6.77826148e-08 
 4.15956216e+06  1.22613656e-08  6.54125551e-08 
 4.64158883e+06  1.18491074e-08  6.32131620e-08 
 5.17947468e+06  1.14670765e-08  6.11750167e-08 
 5.77969288e+06  1.11135673e-08  5.92890184e-08 
 6.44946677e+06  1.07869313e-08  5.75463691e-08 
 7.19685673e+06  1.04855749e-08  5.59385638e-08 
 8.03085722e+06  1.02079582e-08  5.44573830e-08 
 8.96150502e+06  9.95259466e-09  5.30948903e-08 
 1.00000000e+07  9.71805083e-09  5.18434322e-08 
 1.11588399e+07  9.50294705e-09  5.06956397e-08 
 1.24519708e+07  9.30595806e-09  4.96444323e-08 
 1.38949549e+07  9.12581395e-09  4.86830223e-08 
 1.55051578e+07  8.96130111e-09  4.78049192e-08 
 1.73019574e+07  8.81126308e-09  4.70039335e-08 
 1.93069773e+07  8.67460128e-09  4.62741797e-08 
 2.15443469e+07  8.55027536e-09  4.56100772e-08 
 2.40409918e+07  8.43730337e-09  4.50063492e-08 
 2.68269580e+07  8.33476142e-09  4.44580197e-08 
 2.99357729e+07  8.24178309e-09  4.39604077e-08 
 3.34048498e+07  8.15755839e-09  4.35091190e-08 
 3.72759372e+07  8.08133238e-09  4.31000355e-08 
 4.15956216e+07  8.01240351e-09  4.27293019e-08 
 4.64158883e+07  7.95012165e-09  4.23933100e-08 
 5.17947468e+07  7.89388590e-09  4.20886801e-08 
 5.77969288e+07  7.84314222e-09  4.18122405e-08 
 6.44946677e+07  7.79738093e-09  4.15610040e-08 
 7.19685673e+07  7.75613413e-09  4.13321412e-08 
 8.03085722e+07  7.71897305e-09  4.11229514e-08 
 8.96150502e+07  7.68550540e-09  4.09308289e-08 
 1.00000000e+08  7.65537275e-09  4.07532261e-08 
 1.11588399e+08  7.62824794e-09  4.05876101e-08 
 1.24519708e+08  7.60383253e-09  4.04314151e-08 
 1.38949549e+08  7.58185434e-09  4.02819858e-08 
 1.55051578e+08  7.56206506e-09  4.01365137e-08 
 1.73019574e+08  7.54423788e-09  3.99919636e-08 
 1.93069773e+08  7.52816527e-09  3.98449885e-08 
 2.15443469e+08  7.51365672e-09  3.96918338e-08 
 2.40409918e+08  7.50053655e-09  3.95282293e-08 
 2.68269580e+08  7.48864171e-09  3.93492709e-08 
 2.99357729e+08  7.47781955e-09  3.91492944e-08 
 3.34048498e+08  7.46792552e-09  3.89217497e-08 
 3.72759372e+08  7.45882074e-09  3.86590847e-08 
 4.15956216e+08  7.45036935e-09  3.83526580e-08 
 4.64158883e+08  7.44243569e-09  3.79927055e-08 
 5.17947468e+08  7.43488103e-09  3.75683962e-08 
 5.77969288e+08  7.42755990e-09  3.70680190e-08 
 6.44946677e+08  7.42031584e-09  3.64793504e-08 
 7.19685673e+08  7.41297637e-09  3.57902446e-08 
 8.03085722e+08  7.40534715e-09  3.49894722e-08 
 8.96150502e+08  7.39720491e-09  3.40677925e-08 
 1.00000000e+09  7.38828915e-09  3.30191860e-08 
 1.11588399e+09  7.37829223e-09  3.18420996e-08 
 1.24519708e+09  7.36684763e-09  3.05404917e-08 
 1.38949549e+09  7.35351616e-09  2.91244351e-08 
 1.55051578e+09  7.33776998e-09  2.76100735e-08 
 1.73019574e+09  7.31897426e-09  2.60188353e-08 
 1.93069773e+09  7.29636681e-09  2.43759710e-08 
 2.15443469e+09  7.26903612e-09  2.27086394e-08 
 2.40409918e+09  7.23589893e-09  2.10438663e-08 
 2.68269580e+09  7.19567935e-09  1.94067026e-08 
 2.99357729e+09  7.14689247e-09  1.78188302e-08 
 3.34048498e+09  7.08783719e-09  1.62977284e-08 
 3.72759372e+09  7.01660428e-09  1.48563904e-08 
 4.15956216e+09  6.93110767e-09  1.35034879e-08 
 4.64158883e+09  6.82914766e-09  1.22438393e-08 
 5.17947468e+09  6.70851466e-09  1.10790422e-08 
 5.77969288e+09  6.56713868e-09  1.00081529e-08 
 6.44946677e+09  6.40328362e-09  9.02833419e-09 
 7.19685673e+09  6.21577451e-09  8.13542614e-09 
 8.03085722e+09  6.00423260e-09  7.32441919e-09 
 8.96150502e+09  5.76928025e-09  6.58982853e-09 
 1.00000000e+10  5.51267063e-09  5.92597813e-09 
