 frequency       inoise_spectrum onoise_spectrum
 1.00000000e+00  1.26087742e-05  8.54057746e-05 
 1.11588399e+00  1.19361287e-05  8.08495971e-05 
 1.24519708e+00  1.12993675e-05  7.65364828e-05 
 1.38949549e+00  1.06965763e-05  7.24534651e-05 
 1.55051578e+00  1.01259429e-05  6.85882689e-05 
 1.73019574e+00  9.58575179e-06  6.49292740e-05 
 1.93069773e+00  9.07437893e-06  6.14654801e-05 
 2.15443469e+00  8.59028696e-06  5.81864739e-05 
 2.40409918e+00  8.13202052e-06  5.50823973e-05 
 2.68269580e+00  7.69820190e-06  5.21439185e-05 
 2.99357729e+00  7.28752687e-06  4.93622033e-05 
 3.34048498e+00  6.89876080e-06  4.67288889e-05 
 3.72759372e+00  6.53073492e-06  4.42360585e-05 
 4.15956216e+00  6.18234280e-06  4.18762178e-05 
 4.64158883e+00  5.85253706e-06  3.96422723e-05 
 5.17947468e+00  5.54032617e-06  3.75275058e-05 
 5.77969288e+00  5.24477152e-06  3.55255607e-05 
 6.44946677e+00  4.96498457e-06  3.36304184e-05 
 7.19685673e+00  4.70012416e-06  3.18363814e-05 
 8.03085722e+00  4.44939404e-06  3.01380561e-05 
 8.96150502e+00  4.21204042e-06  2.85303368e-05 
 1.00000000e+01  3.98734973e-06  2.70083900e-05 
 1.11588399e+01  3.77464646e-06  2.55676403e-05 
 1.24519708e+01  3.57329115e-06  2.42037563e-05 
 1.38949549e+01  3.38267845e-06  2.29126375e-05 
 1.55051578e+01  3.20223532e-06  2.16904025e-05 
 1.73019574e+01  3.03141927e-06  2.05333767e-05 
 1.93069773e+01  2.86971678e-06  1.94380817e-05 
 2.15443469e+01  2.71664169e-06  1.84012247e-05 
 2.40409918e+01  2.57173382e-06  1.74196885e-05 
 2.68269580e+01  2.43455752e-06  1.64905222e-05 
 2.99357729e+01  2.30470038e-06  1.56109324e-05 
 3.34048498e+01  2.18177202e-06  1.47782747e-05 
 3.72759372e+01  2.06540285e-06  1.39900459e-05 
 4.15956216e+01  1.95524303e-06  1.32438763e-05 
 4.64158883e+01  1.85096139e-06  1.25375226e-05 
 5.17947468e+01  1.75224441e-06  1.18688612e-05 
 5.77969288e+01  1.65879532e-06  1.12358820e-05 
 6.44946677e+01  1.57033317e-06  1.06366819e-05 
 7.19685673e+01  1.48659200e-06  1.00694595e-05 
 8.03085722e+01  1.40732008e-06  9.53250962e-06 
 8.96150502e+01  1.33227907e-06  9.02421790e-06 
 1.00000000e+02  1.26124338e-06  8.54305626e-06 
 1.11588399e+02  1.19399944e-06  8.08757815e-06 
 1.24519708e+02  1.13034510e-06  7.65641423e-06 
 1.38949549e+02  1.07008898e-06  7.24826827e-06 
 1.55051578e+02  1.01304994e-06  6.86191323e-06 
 1.73019574e+02  9.59056492e-07  6.49618758e-06 
 1.93069773e+02  9.07946315e-07  6.14999182e-06 
 2.15443469e+02  8.59565752e-07  5.82228514e-06 
 2.40409918e+02  8.13769352e-07  5.51208235e-06 
 2.68269580e+02  7.70419434e-07  5.21845085e-06 
 2.99357729e+02  7.29385672e-07  4.94050787e-06 
 3.34048498e+02  6.90544702e-07  4.67741782e-06 
 3.72759372e+02  6.53779753e-07  4.42838973e-06 
 4.15956216e+02  6.18980295e-07  4.19267493e-06 
 4.64158883e+02  5.86041705e-07  3.96956476e-06 
 5.17947468e+02  5.54864958e-07  3.75838846e-06 
 5.77969288e+02  5.25356321e-07  3.55851114e-06 
 6.44946677e+02  4.97427078e-07  3.36933188e-06 
 7.19685673e+02  4.70993261e-07  3.19028191e-06 
 8.03085722e+02  4.45975396e-07  3.02082292e-06 
 8.96150502e+02  4.22298266e-07  2.86044542e-06 
 1.00000000e+03  3.99890684e-07  2.70866723e-06 
 1.11588399e+03  3.78685277e-07  2.56503200e-06 
 1.24519708e+03  3.58618288e-07  2.42910787e-06 
 1.38949549e+03  3.39629380e-07  2.30048613e-06 
 1.55051578e+03  3.21661454e-07  2.17878004e-06 
 1.73019574e+03  3.04660481e-07  2.06362362e-06 
 1.93069773e+03  2.88575335e-07  1.95467058e-06 
 2.15443469e+03  2.73357643e-07  1.85159325e-06 
 2.40409918e+03  2.58961636e-07  1.75408162e-06 
 2.68269580e+03  2.45344011e-07  1.66184237e-06 
 2.99357729e+03  2.32463801e-07  1.57459803e-06 
 3.34048498e+03  2.20282255e-07  1.49208609e-06 
 3.72759372e+03  2.08762711e-07  1.41405824e-06 
 4.15956216e+03  1.97870497e-07  1.34027962e-06 
 4.64158883e+03  1.87572816e-07  1.27052807e-06 
 5.17947468e+03  1.77838649e-07  1.20459351e-06 
 5.77969288e+03  1.68638665e-07  1.14227724e-06 
 6.44946677e+03  1.59945125e-07  1.08339138e-06 
 7.19685673e+03  1.51731797e-07  1.02775824e-06 
 8.03085722e+03  1.43973881e-07  9.75209852e-07 
 8.96150502e+03  1.36647926e-07  9.25587352e-07 
 1.00000000e+04  1.29731758e-07  8.78740554e-07 
 1.11588399e+04  1.23204411e-07  8.34527449e-07 
 1.24519708e+04  1.17046063e-07  7.92813754e-07 
 1.38949549e+04  1.11237964e-07  7.53472487e-07 
 1.55051578e+04  1.05762385e-07  7.16383550e-07 
 1.73019574e+04  1.00602554e-07  6.81433335e-07 
 1.93069773e+04  9.57426002e-08  6.48514342e-07 
 2.15443469e+04  9.11675009e-08  6.17524818e-07 
 2.40409918e+04  8.68630300e-08  5.88368402e-07 
 2.68269580e+04  8.28157077e-08  5.60953787e-07 
 2.99357729e+04  7.90127521e-08  5.35194393e-07 
 3.34048498e+04  7.54420324e-08  5.11008055e-07 
 3.72759372e+04  7.20920249e-08  4.88316714e-07 
 4.15956216e+04  6.89517690e-08  4.67046130e-07 
 4.64158883e+04  6.60108264e-08  4.47125598e-07 
 5.17947468e+04  6.32592413e-08  4.28487682e-07 
 5.77969288e+04  6.06875031e-08  4.11067963e-07 
 6.44946677e+04  5.82865111e-08  3.94804797e-07 
 7.19685673e+04  5.60475415e-08  3.79639092e-07 
 8.03085722e+04  5.39622176e-08  3.65514109e-07 
 8.96150502e+04  5.20224821e-08  3.52375271e-07 
 1.00000000e+05  5.02205732e-08  3.40170005e-07 
 1.11588399e+05  4.85490038e-08  3.28847595e-07 
 1.24519708e+05  4.70005441e-08  3.18359070e-07 
 1.38949549e+05  4.55682075e-08  3.08657106e-07 
 1.55051578e+05  4.42452402e-08  2.99695957e-07 
 1.73019574e+05  4.30251142e-08  2.91431404e-07 
 1.93069773e+05  4.19015227e-08  2.83820728e-07 
 2.15443469e+05  4.08683786e-08  2.76822698e-07 
 2.40409918e+05  3.99198151e-08  2.70397574e-07 
 2.68269580e+05  3.90501879e-08  2.64507124e-07 
 2.99357729e+05  3.82540785e-08  2.59114645e-07 
 3.34048498e+05  3.75262979e-08  2.54184989e-07 
 3.72759372e+05  3.68618909e-08  2.49684590e-07 
 4.15956216e+05  3.62561391e-08  2.45581488e-07 
 4.64158883e+05  3.57045637e-08  2.41845344e-07 
 5.17947468e+05  3.52029272e-08  2.38447452e-07 
 5.77969288e+05  3.47472328e-08  2.35360740e-07 
 6.44946677e+05  3.43337237e-08  2.32559756e-07 
 7.19685673e+05  3.39588793e-08  2.30020653e-07 
 8.03085722e+05  3.36194113e-08  2.27721151e-07 
 8.96150502e+05  3.33122577e-08  2.25640504e-07 
 1.00000000e+06  3.30345750e-08  2.23759448e-07 
 1.11588399e+06  3.27837308e-08  2.22060142e-07 
 1.24519708e+06  3.25572940e-08  2.20526110e-07 
 1.38949549e+06  3.23530253e-08  2.19142173e-07 
 1.55051578e+06  3.21688668e-08  2.17894375e-07 
 1.73019574e+06  3.20029315e-08  2.16769917e-07 
 1.93069773e+06  3.18534925e-08  2.15757078e-07 
 2.15443469e+06  3.17189727e-08  2.14845145e-07 
 2.40409918e+06  3.15979337e-08  2.14024342e-07 
 2.68269580e+06  3.14890664e-08  2.13285753e-07 
 2.99357729e+06  3.13911804e-08  2.12621263e-07 
 3.34048498e+06  3.13031952e-08  2.12023480e-07 
 3.72759372e+06  3.12241308e-08  2.11485682e-07 
 4.15956216e+06  3.11530997e-08  2.11001748e-07 
 4.64158883e+06  3.10892985e-08  2.10566102e-07 
 5.17947468e+06  3.10320005e-08  2.10173656e-07 
 5.77969288e+06  3.09805491e-08  2.09819754e-07 
 6.44946677e+06  3.09343511e-08  2.09500119e-07 
 7.19685673e+06  3.08928709e-08  2.09210801e-07 
 8.03085722e+06  3.08556245e-08  2.08948122e-07 
 8.96150502e+06  3.08221749e-08  2.08708622e-07 
 1.00000000e+07  3.07921271e-08  2.08489008e-07 
 1.11588399e+07  3.07651237e-08  2.08286085e-07 
 1.24519708e+07  3.07408408e-08  2.08096702e-07 
 1.38949549e+07  3.07189841e-08  2.07917673e-07 
 1.55051578e+07  3.06992853e-08  2.07745698e-07 
 1.73019574e+07  3.06814986e-08  2.07577272e-07 
 1.93069773e+07  3.06653971e-08  2.07408575e-07 
 2.15443469e+07  3.06507701e-08  2.07235342e-07 
 2.40409918e+07  3.06374189e-08  2.07052715e-07 
 2.68269580e+07  3.06251539e-08  2.06855058e-07 
 2.99357729e+07  3.06137907e-08  2.06635742e-07 
 3.34048498e+07  3.06031461e-08  2.06386887e-07 
 3.72759372e+07  3.05930340e-08  2.06099050e-07 
 4.15956216e+07  3.05832599e-08  2.05760867e-07 
 4.64158883e+07  3.05736153e-08  2.05358623e-07 
 5.17947468e+07  3.05638713e-08  2.04875767e-07 
 5.77969288e+07  3.05537698e-08  2.04292357e-07 
 6.44946677e+07  3.05430144e-08  2.03584462e-07 
 7.19685673e+07  3.05312585e-08  2.02723534e-07 
 8.03085722e+07  3.05180914e-08  2.01675802e-07 
 8.96150502e+07  3.05030207e-08  2.00401762e-07 
 1.00000000e+08  3.04854520e-08  1.98855873e-07 
