 frequency       AmagdB          Aphdeg         
 1.00000000e+04  4.69114639e+01  1.78732498e+02 
 1.02305973e+04  4.69113651e+01  1.78703279e+02 
 1.04665121e+04  4.69112617e+01  1.78673388e+02 
 1.07078670e+04  4.69111535e+01  1.78642808e+02 
 1.09547876e+04  4.69110402e+01  1.78611523e+02 
 1.12074020e+04  4.69109216e+01  1.78579518e+02 
 1.14658417e+04  4.69107976e+01  1.78546776e+02 
 1.17302409e+04  4.69106677e+01  1.78513280e+02 
 1.20007371e+04  4.69105318e+01  1.78479013e+02 
 1.22774708e+04  4.69103895e+01  1.78443956e+02 
 1.25605860e+04  4.69102406e+01  1.78408092e+02 
 1.28502297e+04  4.69100848e+01  1.78371403e+02 
 1.31465525e+04  4.69099217e+01  1.78333869e+02 
 1.34497085e+04  4.69097510e+01  1.78295470e+02 
 1.37598551e+04  4.69095724e+01  1.78256188e+02 
 1.40771537e+04  4.69093854e+01  1.78216002e+02 
 1.44017690e+04  4.69091897e+01  1.78174891e+02 
 1.47338699e+04  4.69089849e+01  1.78132834e+02 
 1.50736290e+04  4.69087706e+01  1.78089809e+02 
 1.54212228e+04  4.69085462e+01  1.78045794e+02 
 1.57768320e+04  4.69083114e+01  1.78000766e+02 
 1.61406415e+04  4.69080657e+01  1.77954703e+02 
 1.65128404e+04  4.69078085e+01  1.77907580e+02 
 1.68936220e+04  4.69075393e+01  1.77859374e+02 
 1.72831844e+04  4.69072576e+01  1.77810059e+02 
 1.76817299e+04  4.69069628e+01  1.77759610e+02 
 1.80894658e+04  4.69066543e+01  1.77708001e+02 
 1.85066040e+04  4.69063313e+01  1.77655206e+02 
 1.89333613e+04  4.69059934e+01  1.77601198e+02 
 1.93699595e+04  4.69056397e+01  1.77545949e+02 
 1.98166255e+04  4.69052695e+01  1.77489431e+02 
 2.02735916e+04  4.69048821e+01  1.77431614e+02 
 2.07410951e+04  4.69044766e+01  1.77372469e+02 
 2.12193792e+04  4.69040523e+01  1.77311966e+02 
 2.17086923e+04  4.69036082e+01  1.77250075e+02 
 2.22092889e+04  4.69031435e+01  1.77186762e+02 
 2.27214291e+04  4.69026571e+01  1.77121997e+02 
 2.32453791e+04  4.69021481e+01  1.77055746e+02 
 2.37814113e+04  4.69016155e+01  1.76987975e+02 
 2.43298042e+04  4.69010580e+01  1.76918651e+02 
 2.48908429e+04  4.69004746e+01  1.76847736e+02 
 2.54648190e+04  4.68998641e+01  1.76775197e+02 
 2.60520309e+04  4.68992252e+01  1.76700995e+02 
 2.66527837e+04  4.68985566e+01  1.76625094e+02 
 2.72673897e+04  4.68978569e+01  1.76547455e+02 
 2.78961683e+04  4.68971246e+01  1.76468039e+02 
 2.85394464e+04  4.68963584e+01  1.76386805e+02 
 2.91975583e+04  4.68955565e+01  1.76303713e+02 
 2.98708461e+04  4.68947175e+01  1.76218721e+02 
 3.05596598e+04  4.68938394e+01  1.76131786e+02 
 3.12643573e+04  4.68929205e+01  1.76042864e+02 
 3.19853049e+04  4.68919591e+01  1.75951912e+02 
 3.27228774e+04  4.68909529e+01  1.75858884e+02 
 3.34774581e+04  4.68899001e+01  1.75763733e+02 
 3.42494392e+04  4.68887985e+01  1.75666412e+02 
 3.50392221e+04  4.68876457e+01  1.75566873e+02 
 3.58472171e+04  4.68864395e+01  1.75465065e+02 
 3.66738442e+04  4.68851774e+01  1.75360940e+02 
 3.75195331e+04  4.68838568e+01  1.75254445e+02 
 3.83847234e+04  4.68824751e+01  1.75145528e+02 
 3.92698648e+04  4.68810293e+01  1.75034136e+02 
 4.01754173e+04  4.68795166e+01  1.74920214e+02 
 4.11018515e+04  4.68779339e+01  1.74803707e+02 
 4.20496491e+04  4.68762780e+01  1.74684557e+02 
 4.30193027e+04  4.68745455e+01  1.74562707e+02 
 4.40113162e+04  4.68727329e+01  1.74438098e+02 
 4.50262052e+04  4.68708366e+01  1.74310669e+02 
 4.60644974e+04  4.68688527e+01  1.74180361e+02 
 4.71267322e+04  4.68667772e+01  1.74047110e+02 
 4.82134619e+04  4.68646060e+01  1.73910852e+02 
 4.93252513e+04  4.68623346e+01  1.73771524e+02 
 5.04626783e+04  4.68599586e+01  1.73629059e+02 
 5.16263340e+04  4.68574730e+01  1.73483390e+02 
 5.28168234e+04  4.68548731e+01  1.73334449e+02 
 5.40347650e+04  4.68521535e+01  1.73182167e+02 
 5.52807921e+04  4.68493089e+01  1.73026472e+02 
 5.65555523e+04  4.68463336e+01  1.72867294e+02 
 5.78597080e+04  4.68432216e+01  1.72704559e+02 
 5.91939372e+04  4.68399669e+01  1.72538194e+02 
 6.05589334e+04  4.68365629e+01  1.72368122e+02 
 6.19554061e+04  4.68330030e+01  1.72194267e+02 
 6.33840810e+04  4.68292801e+01  1.72016553e+02 
 6.48457008e+04  4.68253870e+01  1.71834899e+02 
 6.63410251e+04  4.68213160e+01  1.71649226e+02 
 6.78708313e+04  4.68170592e+01  1.71459454e+02 
 6.94359143e+04  4.68126082e+01  1.71265500e+02 
 7.10370877e+04  4.68079545e+01  1.71067280e+02 
 7.26751838e+04  4.68030890e+01  1.70864712e+02 
 7.43510539e+04  4.67980023e+01  1.70657709e+02 
 7.60655691e+04  4.67926848e+01  1.70446186e+02 
 7.78196206e+04  4.67871261e+01  1.70230055e+02 
 7.96141200e+04  4.67813157e+01  1.70009229e+02 
 8.14500001e+04  4.67752426e+01  1.69783620e+02 
 8.33282151e+04  4.67688952e+01  1.69553137e+02 
 8.52497412e+04  4.67622617e+01  1.69317691e+02 
 8.72155772e+04  4.67553295e+01  1.69077190e+02 
 8.92267449e+04  4.67480857e+01  1.68831544e+02 
 9.12842895e+04  4.67405170e+01  1.68580662e+02 
 9.33892805e+04  4.67326092e+01  1.68324449e+02 
 9.55428121e+04  4.67243480e+01  1.68062816e+02 
 9.77460036e+04  4.67157181e+01  1.67795668e+02 
 1.00000000e+05  4.67067040e+01  1.67522913e+02 
 1.02305973e+05  4.66972894e+01  1.67244459e+02 
 1.04665121e+05  4.66874573e+01  1.66960214e+02 
 1.07078670e+05  4.66771904e+01  1.66670085e+02 
 1.09547876e+05  4.66664704e+01  1.66373980e+02 
 1.12074020e+05  4.66552786e+01  1.66071809e+02 
 1.14658417e+05  4.66435955e+01  1.65763482e+02 
 1.17302409e+05  4.66314010e+01  1.65448909e+02 
 1.20007371e+05  4.66186741e+01  1.65128002e+02 
 1.22774708e+05  4.66053933e+01  1.64800675e+02 
 1.25605860e+05  4.65915364e+01  1.64466843e+02 
 1.28502297e+05  4.65770801e+01  1.64126421e+02 
 1.31465525e+05  4.65620009e+01  1.63779330e+02 
 1.34497085e+05  4.65462741e+01  1.63425490e+02 
 1.37598551e+05  4.65298743e+01  1.63064825e+02 
 1.40771537e+05  4.65127756e+01  1.62697260e+02 
 1.44017690e+05  4.64949510e+01  1.62322725e+02 
 1.47338699e+05  4.64763728e+01  1.61941153e+02 
 1.50736290e+05  4.64570128e+01  1.61552480e+02 
 1.54212228e+05  4.64368415e+01  1.61156646e+02 
 1.57768320e+05  4.64158292e+01  1.60753596e+02 
 1.61406415e+05  4.63939449e+01  1.60343280e+02 
 1.65128404e+05  4.63711572e+01  1.59925651e+02 
 1.68936220e+05  4.63474338e+01  1.59500669e+02 
 1.72831844e+05  4.63227417e+01  1.59068299e+02 
 1.76817299e+05  4.62970472e+01  1.58628512e+02 
 1.80894658e+05  4.62703159e+01  1.58181285e+02 
 1.85066040e+05  4.62425126e+01  1.57726604e+02 
 1.89333613e+05  4.62136016e+01  1.57264459e+02 
 1.93699595e+05  4.61835467e+01  1.56794849e+02 
 1.98166255e+05  4.61523108e+01  1.56317782e+02 
 2.02735916e+05  4.61198566e+01  1.55833272e+02 
 2.07410951e+05  4.60861462e+01  1.55341343e+02 
 2.12193792e+05  4.60511412e+01  1.54842028e+02 
 2.17086923e+05  4.60148028e+01  1.54335368e+02 
 2.22092889e+05  4.59770921e+01  1.53821416e+02 
 2.27214291e+05  4.59379698e+01  1.53300234e+02 
 2.32453791e+05  4.58973963e+01  1.52771892e+02 
 2.37814113e+05  4.58553322e+01  1.52236474e+02 
 2.43298042e+05  4.58117378e+01  1.51694072e+02 
 2.48908429e+05  4.57665736e+01  1.51144793e+02 
 2.54648190e+05  4.57198001e+01  1.50588750e+02 
 2.60520309e+05  4.56713782e+01  1.50026072e+02 
 2.66527837e+05  4.56212691e+01  1.49456898e+02 
 2.72673897e+05  4.55694343e+01  1.48881377e+02 
 2.78961683e+05  4.55158360e+01  1.48299671e+02 
 2.85394464e+05  4.54604368e+01  1.47711956e+02 
 2.91975583e+05  4.54032003e+01  1.47118417e+02 
 2.98708461e+05  4.53440907e+01  1.46519250e+02 
 3.05596598e+05  4.52830734e+01  1.45914666e+02 
 3.12643573e+05  4.52201147e+01  1.45304885e+02 
 3.19853049e+05  4.51551821e+01  1.44690137e+02 
 3.27228774e+05  4.50882443e+01  1.44070665e+02 
 3.34774581e+05  4.50192716e+01  1.43446723e+02 
 3.42494392e+05  4.49482356e+01  1.42818573e+02 
 3.50392221e+05  4.48751095e+01  1.42186488e+02 
 3.58472171e+05  4.47998684e+01  1.41550750e+02 
 3.66738442e+05  4.47224889e+01  1.40911649e+02 
 3.75195331e+05  4.46429496e+01  1.40269484e+02 
 3.83847234e+05  4.45612312e+01  1.39624561e+02 
 3.92698648e+05  4.44773161e+01  1.38977192e+02 
 4.01754173e+05  4.43911890e+01  1.38327698e+02 
 4.11018515e+05  4.43028369e+01  1.37676401e+02 
 4.20496491e+05  4.42122487e+01  1.37023630e+02 
 4.30193027e+05  4.41194158e+01  1.36369718e+02 
 4.40113162e+05  4.40243318e+01  1.35714999e+02 
 4.50262052e+05  4.39269925e+01  1.35059810e+02 
 4.60644974e+05  4.38273964e+01  1.34404489e+02 
 4.71267322e+05  4.37255439e+01  1.33749375e+02 
 4.82134619e+05  4.36214381e+01  1.33094804e+02 
 4.93252513e+05  4.35150842e+01  1.32441113e+02 
 5.04626783e+05  4.34064898e+01  1.31788635e+02 
 5.16263340e+05  4.32956648e+01  1.31137700e+02 
 5.28168234e+05  4.31826212e+01  1.30488635e+02 
 5.40347650e+05  4.30673735e+01  1.29841760e+02 
 5.52807921e+05  4.29499379e+01  1.29197391e+02 
 5.65555523e+05  4.28303330e+01  1.28555836e+02 
 5.78597080e+05  4.27085792e+01  1.27917398e+02 
 5.91939372e+05  4.25846990e+01  1.27282370e+02 
 6.05589334e+05  4.24587165e+01  1.26651038e+02 
 6.19554061e+05  4.23306578e+01  1.26023678e+02 
 6.33840810e+05  4.22005503e+01  1.25400558e+02 
 6.48457008e+05  4.20684232e+01  1.24781934e+02 
 6.63410251e+05  4.19343072e+01  1.24168054e+02 
 6.78708313e+05  4.17982340e+01  1.23559152e+02 
 6.94359143e+05  4.16602368e+01  1.22955455e+02 
 7.10370877e+05  4.15203498e+01  1.22357174e+02 
 7.26751838e+05  4.13786083e+01  1.21764513e+02 
 7.43510539e+05  4.12350483e+01  1.21177661e+02 
 7.60655691e+05  4.10897069e+01  1.20596797e+02 
 7.78196206e+05  4.09426217e+01  1.20022088e+02 
 7.96141200e+05  4.07938308e+01  1.19453688e+02 
 8.14500001e+05  4.06433728e+01  1.18891741e+02 
 8.33282151e+05  4.04912868e+01  1.18336377e+02 
 8.52497412e+05  4.03376122e+01  1.17787717e+02 
 8.72155772e+05  4.01823883e+01  1.17245869e+02 
 8.92267449e+05  4.00256549e+01  1.16710930e+02 
 9.12842895e+05  3.98674515e+01  1.16182986e+02 
 9.33892805e+05  3.97078176e+01  1.15662113e+02 
 9.55428121e+05  3.95467926e+01  1.15148374e+02 
 9.77460036e+05  3.93844157e+01  1.14641826e+02 
 1.00000000e+06  3.92207258e+01  1.14142512e+02 
 1.02305973e+06  3.90557614e+01  1.13650467e+02 
 1.04665121e+06  3.88895607e+01  1.13165718e+02 
 1.07078670e+06  3.87221613e+01  1.12688281e+02 
 1.09547876e+06  3.85536004e+01  1.12218166e+02 
 1.12074020e+06  3.83839146e+01  1.11755372e+02 
 1.14658417e+06  3.82131400e+01  1.11299892e+02 
 1.17302409e+06  3.80413119e+01  1.10851712e+02 
 1.20007371e+06  3.78684651e+01  1.10410809e+02 
 1.22774708e+06  3.76946337e+01  1.09977156e+02 
 1.25605860e+06  3.75198511e+01  1.09550717e+02 
 1.28502297e+06  3.73441498e+01  1.09131452e+02 
 1.31465525e+06  3.71675618e+01  1.08719314e+02 
 1.34497085e+06  3.69901182e+01  1.08314254e+02 
 1.37598551e+06  3.68118494e+01  1.07916213e+02 
 1.40771537e+06  3.66327849e+01  1.07525132e+02 
 1.44017690e+06  3.64529536e+01  1.07140945e+02 
 1.47338699e+06  3.62723836e+01  1.06763584e+02 
 1.50736290e+06  3.60911020e+01  1.06392976e+02 
 1.54212228e+06  3.59091354e+01  1.06029046e+02 
 1.57768320e+06  3.57265094e+01  1.05671714e+02 
 1.61406415e+06  3.55432491e+01  1.05320899e+02 
 1.65128404e+06  3.53593785e+01  1.04976518e+02 
 1.68936220e+06  3.51749210e+01  1.04638483e+02 
 1.72831844e+06  3.49898994e+01  1.04306707e+02 
 1.76817299e+06  3.48043356e+01  1.03981101e+02 
 1.80894658e+06  3.46182509e+01  1.03661571e+02 
 1.85066040e+06  3.44316656e+01  1.03348025e+02 
 1.89333613e+06  3.42445997e+01  1.03040370e+02 
 1.93699595e+06  3.40570723e+01  1.02738510e+02 
 1.98166255e+06  3.38691018e+01  1.02442349e+02 
 2.02735916e+06  3.36807061e+01  1.02151791e+02 
 2.07410951e+06  3.34919024e+01  1.01866738e+02 
 2.12193792e+06  3.33027072e+01  1.01587094e+02 
 2.17086923e+06  3.31131366e+01  1.01312759e+02 
 2.22092889e+06  3.29232059e+01  1.01043638e+02 
 2.27214291e+06  3.27329299e+01  1.00779631e+02 
 2.32453791e+06  3.25423230e+01  1.00520641e+02 
 2.37814113e+06  3.23513987e+01  1.00266570e+02 
 2.43298042e+06  3.21601704e+01  1.00017322e+02 
 2.48908429e+06  3.19686508e+01  9.97727987e+01 
 2.54648190e+06  3.17768521e+01  9.95329043e+01 
 2.60520309e+06  3.15847859e+01  9.92975427e+01 
 2.66527837e+06  3.13924637e+01  9.90666186e+01 
 2.72673897e+06  3.11998962e+01  9.88400371e+01 
 2.78961683e+06  3.10070940e+01  9.86177041e+01 
 2.85394464e+06  3.08140669e+01  9.83995264e+01 
 2.91975583e+06  3.06208246e+01  9.81854113e+01 
 2.98708461e+06  3.04273764e+01  9.79752670e+01 
 3.05596598e+06  3.02337311e+01  9.77690026e+01 
 3.12643573e+06  3.00398972e+01  9.75665279e+01 
 3.19853049e+06  2.98458829e+01  9.73677538e+01 
 3.27228774e+06  2.96516961e+01  9.71725920e+01 
 3.34774581e+06  2.94573441e+01  9.69809550e+01 
 3.42494392e+06  2.92628344e+01  9.67927565e+01 
 3.50392221e+06  2.90681737e+01  9.66079109e+01 
 3.58472171e+06  2.88733687e+01  9.64263337e+01 
 3.66738442e+06  2.86784258e+01  9.62479414e+01 
 3.75195331e+06  2.84833511e+01  9.60726513e+01 
 3.83847234e+06  2.82881505e+01  9.59003817e+01 
 3.92698648e+06  2.80928296e+01  9.57310521e+01 
 4.01754173e+06  2.78973937e+01  9.55645827e+01 
 4.11018515e+06  2.77018480e+01  9.54008946e+01 
 4.20496491e+06  2.75061976e+01  9.52399102e+01 
 4.30193027e+06  2.73104471e+01  9.50815525e+01 
 4.40113162e+06  2.71146012e+01  9.49257456e+01 
 4.50262052e+06  2.69186641e+01  9.47724144e+01 
 4.60644974e+06  2.67226402e+01  9.46214848e+01 
 4.71267322e+06  2.65265334e+01  9.44728836e+01 
 4.82134619e+06  2.63303475e+01  9.43265384e+01 
 4.93252513e+06  2.61340865e+01  9.41823777e+01 
 5.04626783e+06  2.59377537e+01  9.40403309e+01 
 5.16263340e+06  2.57413526e+01  9.39003280e+01 
 5.28168234e+06  2.55448865e+01  9.37623002e+01 
 5.40347650e+06  2.53483586e+01  9.36261791e+01 
 5.52807921e+06  2.51517719e+01  9.34918974e+01 
 5.65555523e+06  2.49551294e+01  9.33593881e+01 
 5.78597080e+06  2.47584338e+01  9.32285855e+01 
 5.91939372e+06  2.45616878e+01  9.30994241e+01 
 6.05589334e+06  2.43648941e+01  9.29718394e+01 
 6.19554061e+06  2.41680551e+01  9.28457674e+01 
 6.33840810e+06  2.39711733e+01  9.27211449e+01 
 6.48457008e+06  2.37742510e+01  9.25979091e+01 
 6.63410251e+06  2.35772905e+01  9.24759979e+01 
 6.78708313e+06  2.33802940e+01  9.23553499e+01 
 6.94359143e+06  2.31832634e+01  9.22359041e+01 
 7.10370877e+06  2.29862010e+01  9.21175999e+01 
 7.26751838e+06  2.27891086e+01  9.20003775e+01 
 7.43510539e+06  2.25919881e+01  9.18841774e+01 
 7.60655691e+06  2.23948414e+01  9.17689405e+01 
 7.78196206e+06  2.21976704e+01  9.16546082e+01 
 7.96141200e+06  2.20004767e+01  9.15411224e+01 
 8.14500001e+06  2.18032620e+01  9.14284252e+01 
 8.33282151e+06  2.16060280e+01  9.13164592e+01 
 8.52497412e+06  2.14087764e+01  9.12051671e+01 
 8.72155772e+06  2.12115088e+01  9.10944923e+01 
 8.92267449e+06  2.10142265e+01  9.09843780e+01 
 9.12842895e+06  2.08169313e+01  9.08747681e+01 
 9.33892805e+06  2.06196246e+01  9.07656064e+01 
 9.55428121e+06  2.04223079e+01  9.06568370e+01 
 9.77460036e+06  2.02249825e+01  9.05484043e+01 
 1.00000000e+07  2.00276501e+01  9.04402527e+01 
 1.02305973e+07  1.98303119e+01  9.03323267e+01 
 1.04665121e+07  1.96329694e+01  9.02245712e+01 
 1.07078670e+07  1.94356240e+01  9.01169308e+01 
 1.09547876e+07  1.92382771e+01  9.00093503e+01 
 1.12074020e+07  1.90409301e+01  8.99017746e+01 
 1.14658417e+07  1.88435843e+01  8.97941486e+01 
 1.17302409e+07  1.86462412e+01  8.96864170e+01 
 1.20007371e+07  1.84489022e+01  8.95785247e+01 
 1.22774708e+07  1.82515686e+01  8.94704163e+01 
 1.25605860e+07  1.80542419e+01  8.93620364e+01 
 1.28502297e+07  1.78569236e+01  8.92533296e+01 
 1.31465525e+07  1.76596150e+01  8.91442401e+01 
 1.34497085e+07  1.74623177e+01  8.90347121e+01 
 1.37598551e+07  1.72650331e+01  8.89246895e+01 
 1.40771537e+07  1.70677628e+01  8.88141162e+01 
 1.44017690e+07  1.68705083e+01  8.87029355e+01 
 1.47338699e+07  1.66732711e+01  8.85910907e+01 
 1.50736290e+07  1.64760530e+01  8.84785248e+01 
 1.54212228e+07  1.62788555e+01  8.83651802e+01 
 1.57768320e+07  1.60816804e+01  8.82509993e+01 
 1.61406415e+07  1.58845293e+01  8.81359238e+01 
 1.65128404e+07  1.56874042e+01  8.80198954e+01 
 1.68936220e+07  1.54903067e+01  8.79028549e+01 
 1.72831844e+07  1.52932389e+01  8.77847431e+01 
 1.76817299e+07  1.50962027e+01  8.76655000e+01 
 1.80894658e+07  1.48992001e+01  8.75450654e+01 
 1.85066040e+07  1.47022331e+01  8.74233782e+01 
 1.89333613e+07  1.45053040e+01  8.73003771e+01 
 1.93699595e+07  1.43084150e+01  8.71760001e+01 
 1.98166255e+07  1.41115684e+01  8.70501847e+01 
 2.02735916e+07  1.39147666e+01  8.69228675e+01 
 2.07410951e+07  1.37180122e+01  8.67939849e+01 
 2.12193792e+07  1.35213076e+01  8.66634722e+01 
 2.17086923e+07  1.33246556e+01  8.65312644e+01 
 2.22092889e+07  1.31280589e+01  8.63972955e+01 
 2.27214291e+07  1.29315206e+01  8.62614990e+01 
 2.32453791e+07  1.27350435e+01  8.61238075e+01 
 2.37814113e+07  1.25386309e+01  8.59841529e+01 
 2.43298042e+07  1.23422860e+01  8.58424664e+01 
 2.48908429e+07  1.21460121e+01  8.56986782e+01 
 2.54648190e+07  1.19498129e+01  8.55527179e+01 
 2.60520309e+07  1.17536921e+01  8.54045140e+01 
 2.66527837e+07  1.15576534e+01  8.52539944e+01 
 2.72673897e+07  1.13617010e+01  8.51010860e+01 
 2.78961683e+07  1.11658388e+01  8.49457148e+01 
 2.85394464e+07  1.09700714e+01  8.47878060e+01 
 2.91975583e+07  1.07744032e+01  8.46272837e+01 
 2.98708461e+07  1.05788389e+01  8.44640712e+01 
 3.05596598e+07  1.03833836e+01  8.42980909e+01 
 3.12643573e+07  1.01880422e+01  8.41292641e+01 
 3.19853049e+07  9.99282023e+00  8.39575114e+01 
 3.27228774e+07  9.79772319e+00  8.37827522e+01 
 3.34774581e+07  9.60275691e+00  8.36049050e+01 
 3.42494392e+07  9.40792747e+00  8.34238874e+01 
 3.50392221e+07  9.21324117e+00  8.32396160e+01 
 3.58472171e+07  9.01870462e+00  8.30520064e+01 
 3.66738442e+07  8.82432468e+00  8.28609733e+01 
 3.75195331e+07  8.63010853e+00  8.26664304e+01 
 3.83847234e+07  8.43606362e+00  8.24682906e+01 
 3.92698648e+07  8.24219773e+00  8.22664655e+01 
 4.01754173e+07  8.04851898e+00  8.20608663e+01 
 4.11018515e+07  7.85503580e+00  8.18514029e+01 
 4.20496491e+07  7.66175701e+00  8.16379846e+01 
 4.30193027e+07  7.46869177e+00  8.14205196e+01 
 4.40113162e+07  7.27584963e+00  8.11989156e+01 
 4.50262052e+07  7.08324052e+00  8.09730793e+01 
 4.60644974e+07  6.89087481e+00  8.07429168e+01 
 4.71267322e+07  6.69876326e+00  8.05083333e+01 
 4.82134619e+07  6.50691709e+00  8.02692337e+01 
 4.93252513e+07  6.31534797e+00  8.00255220e+01 
 5.04626783e+07  6.12406803e+00  7.97771018e+01 
 5.16263340e+07  5.93308989e+00  7.95238763e+01 
 5.28168234e+07  5.74242668e+00  7.92657484e+01 
 5.40347650e+07  5.55209204e+00  7.90026204e+01 
 5.52807921e+07  5.36210014e+00  7.87343947e+01 
 5.65555523e+07  5.17246569e+00  7.84609734e+01 
 5.78597080e+07  4.98320400e+00  7.81822587e+01 
 5.91939372e+07  4.79433093e+00  7.78981529e+01 
 6.05589334e+07  4.60586295e+00  7.76085585e+01 
 6.19554061e+07  4.41781714e+00  7.73133782e+01 
 6.33840810e+07  4.23021122e+00  7.70125154e+01 
 6.48457008e+07  4.04306355e+00  7.67058741e+01 
 6.63410251e+07  3.85639316e+00  7.63933590e+01 
 6.78708313e+07  3.67021974e+00  7.60748759e+01 
 6.94359143e+07  3.48456368e+00  7.57503316e+01 
 7.10370877e+07  3.29944609e+00  7.54196343e+01 
 7.26751838e+07  3.11488877e+00  7.50826938e+01 
 7.43510539e+07  2.93091427e+00  7.47394214e+01 
 7.60655691e+07  2.74754588e+00  7.43897306e+01 
 7.78196206e+07  2.56480763e+00  7.40335370e+01 
 7.96141200e+07  2.38272433e+00  7.36707587e+01 
 8.14500001e+07  2.20132154e+00  7.33013164e+01 
 8.33282151e+07  2.02062561e+00  7.29251338e+01 
 8.52497412e+07  1.84066364e+00  7.25421379e+01 
 8.72155772e+07  1.66146355e+00  7.21522592e+01 
 8.92267449e+07  1.48305402e+00  7.17554320e+01 
 9.12842895e+07  1.30546450e+00  7.13515948e+01 
 9.33892805e+07  1.12872522e+00  7.09406906e+01 
 9.55428121e+07  9.52867206e-01  7.05226671e+01 
 9.77460036e+07  7.77922203e-01  7.00974771e+01 
 1.00000000e+08  6.03922722e-01  6.96650792e+01 
 1.02305973e+08  4.30902000e-01  6.92254376e+01 
 1.04665121e+08  2.58893983e-01  6.87785227e+01 
 1.07078670e+08  8.79333067e-02  6.83243116e+01 
 1.09547876e+08 -8.19447351e-02  6.78627883e+01 
 1.12074020e+08 -2.50704217e-01  6.73939441e+01 
 1.14658417e+08 -4.18308616e-01  6.69177781e+01 
 1.17302409e+08 -5.84720857e-01  6.64342973e+01 
 1.20007371e+08 -7.49903345e-01  6.59435174e+01 
 1.22774708e+08 -9.13818024e-01  6.54454625e+01 
 1.25605860e+08 -1.07642642e+00  6.49401664e+01 
 1.28502297e+08 -1.23768971e+00  6.44276718e+01 
 1.31465525e+08 -1.39756876e+00  6.39080318e+01 
 1.34497085e+08 -1.55602422e+00  6.33813093e+01 
 1.37598551e+08 -1.71301657e+00  6.28475776e+01 
 1.40771537e+08 -1.86850623e+00  6.23069211e+01 
 1.44017690e+08 -2.02245360e+00  6.17594348e+01 
 1.47338699e+08 -2.17481914e+00  6.12052251e+01 
 1.50736290e+08 -2.32556352e+00  6.06444097e+01 
 1.54212228e+08 -2.47464765e+00  6.00771180e+01 
 1.57768320e+08 -2.62203280e+00  5.95034908e+01 
 1.61406415e+08 -2.76768069e+00  5.89236811e+01 
 1.65128404e+08 -2.91155362e+00  5.83378535e+01 
 1.68936220e+08 -3.05361453e+00  5.77461842e+01 
 1.72831844e+08 -3.19382713e+00  5.71488617e+01 
 1.76817299e+08 -3.33215603e+00  5.65460857e+01 
 1.80894658e+08 -3.46856682e+00  5.59380679e+01 
 1.85066040e+08 -3.60302616e+00  5.53250309e+01 
 1.89333613e+08 -3.73550195e+00  5.47072087e+01 
 1.93699595e+08 -3.86596337e+00  5.40848462e+01 
 1.98166255e+08 -3.99438105e+00  5.34581985e+01 
 2.02735916e+08 -4.12072712e+00  5.28275310e+01 
 2.07410951e+08 -4.24497534e+00  5.21931186e+01 
 2.12193792e+08 -4.36710119e+00  5.15552452e+01 
 2.17086923e+08 -4.48708195e+00  5.09142034e+01 
 2.22092889e+08 -4.60489681e+00  5.02702937e+01 
 2.27214291e+08 -4.72052694e+00  4.96238237e+01 
 2.32453791e+08 -4.83395555e+00  4.89751079e+01 
 2.37814113e+08 -4.94516797e+00  4.83244662e+01 
 2.43298042e+08 -5.05415172e+00  4.76722241e+01 
 2.48908429e+08 -5.16089654e+00  4.70187108e+01 
 2.54648190e+08 -5.26539443e+00  4.63642594e+01 
 2.60520309e+08 -5.36763972e+00  4.57092053e+01 
 2.66527837e+08 -5.46762903e+00  4.50538859e+01 
 2.72673897e+08 -5.56536136e+00  4.43986391e+01 
 2.78961683e+08 -5.66083802e+00  4.37438031e+01 
 2.85394464e+08 -5.75406269e+00  4.30897149e+01 
 2.91975583e+08 -5.84504135e+00  4.24367099e+01 
 2.98708461e+08 -5.93378228e+00  4.17851209e+01 
 3.05596598e+08 -6.02029605e+00  4.11352770e+01 
 3.12643573e+08 -6.10459542e+00  4.04875032e+01 
 3.19853049e+08 -6.18669535e+00  3.98421191e+01 
 3.27228774e+08 -6.26661288e+00  3.91994386e+01 
 3.34774581e+08 -6.34436712e+00  3.85597691e+01 
 3.42494392e+08 -6.41997914e+00  3.79234105e+01 
 3.50392221e+08 -6.49347188e+00  3.72906548e+01 
 3.58472171e+08 -6.56487009e+00  3.66617854e+01 
 3.66738442e+08 -6.63420024e+00  3.60370766e+01 
 3.75195331e+08 -6.70149039e+00  3.54167933e+01 
 3.83847234e+08 -6.76677012e+00  3.48011900e+01 
 3.92698648e+08 -6.83007040e+00  3.41905109e+01 
 4.01754173e+08 -6.89142352e+00  3.35849895e+01 
 4.11018515e+08 -6.95086294e+00  3.29848480e+01 
 4.20496491e+08 -7.00842321e+00  3.23902975e+01 
 4.30193027e+08 -7.06413985e+00  3.18015373e+01 
 4.40113162e+08 -7.11804924e+00  3.12187552e+01 
 4.50262052e+08 -7.17018854e+00  3.06421273e+01 
 4.60644974e+08 -7.22059552e+00  3.00718179e+01 
 4.71267322e+08 -7.26930853e+00  2.95079795e+01 
 4.82134619e+08 -7.31636633e+00  2.89507529e+01 
 4.93252513e+08 -7.36180806e+00  2.84002673e+01 
 5.04626783e+08 -7.40567308e+00  2.78566404e+01 
 5.16263340e+08 -7.44800093e+00  2.73199786e+01 
 5.28168234e+08 -7.48883120e+00  2.67903773e+01 
 5.40347650e+08 -7.52820348e+00  2.62679208e+01 
 5.52807921e+08 -7.56615726e+00  2.57526828e+01 
 5.65555523e+08 -7.60273186e+00  2.52447270e+01 
 5.78597080e+08 -7.63796636e+00  2.47441065e+01 
 5.91939372e+08 -7.67189955e+00  2.42508652e+01 
 6.05589334e+08 -7.70456984e+00  2.37650373e+01 
 6.19554061e+08 -7.73601522e+00  2.32866480e+01 
 6.33840810e+08 -7.76627322e+00  2.28157138e+01 
 6.48457008e+08 -7.79538083e+00  2.23522431e+01 
 6.63410251e+08 -7.82337449e+00  2.18962362e+01 
 6.78708313e+08 -7.85029004e+00  2.14476856e+01 
 6.94359143e+08 -7.87616268e+00  2.10065770e+01 
 7.10370877e+08 -7.90102695e+00  2.05728890e+01 
 7.26751838e+08 -7.92491669e+00  2.01465939e+01 
 7.43510539e+08 -7.94786504e+00  1.97276577e+01 
 7.60655691e+08 -7.96990440e+00  1.93160409e+01 
 7.78196206e+08 -7.99106642e+00  1.89116986e+01 
 7.96141200e+08 -8.01138198e+00  1.85145808e+01 
 8.14500001e+08 -8.03088123e+00  1.81246328e+01 
 8.33282151e+08 -8.04959350e+00  1.77417957e+01 
 8.52497412e+08 -8.06754736e+00  1.73660064e+01 
 8.72155772e+08 -8.08477059e+00  1.69971983e+01 
 8.92267449e+08 -8.10129021e+00  1.66353012e+01 
 9.12842895e+08 -8.11713243e+00  1.62802419e+01 
 9.33892805e+08 -8.13232271e+00  1.59319443e+01 
 9.55428121e+08 -8.14688573e+00  1.55903298e+01 
 9.77460036e+08 -8.16084541e+00  1.52553175e+01 
 1.00000000e+09 -8.17422494e+00  1.49268244e+01 
 1.02305973e+09 -8.18704673e+00  1.46047657e+01 
 1.04665121e+09 -8.19933249e+00  1.42890548e+01 
 1.07078670e+09 -8.21110321e+00  1.39796041e+01 
 1.09547876e+09 -8.22237917e+00  1.36763244e+01 
 1.12074020e+09 -8.23317995e+00  1.33791258e+01 
 1.14658417e+09 -8.24352448e+00  1.30879174e+01 
 1.17302409e+09 -8.25343100e+00  1.28026077e+01 
 1.20007371e+09 -8.26291712e+00  1.25231048e+01 
 1.22774708e+09 -8.27199983e+00  1.22493161e+01 
 1.25605860e+09 -8.28069548e+00  1.19811493e+01 
 1.28502297e+09 -8.28901985e+00  1.17185116e+01 
 1.31465525e+09 -8.29698812e+00  1.14613105e+01 
 1.34497085e+09 -8.30461491e+00  1.12094535e+01 
 1.37598551e+09 -8.31191429e+00  1.09628483e+01 
 1.40771537e+09 -8.31889980e+00  1.07214033e+01 
 1.44017690e+09 -8.32558447e+00  1.04850270e+01 
 1.47338699e+09 -8.33198082e+00  1.02536285e+01 
 1.50736290e+09 -8.33810088e+00  1.00271176e+01 
 1.54212228e+09 -8.34395623e+00  9.80540479e+00 
 1.57768320e+09 -8.34955798e+00  9.58840116e+00 
 1.61406415e+09 -8.35491680e+00  9.37601872e+00 
 1.65128404e+09 -8.36004296e+00  9.16817029e+00 
 1.68936220e+09 -8.36494629e+00  8.96476959e+00 
 1.72831844e+09 -8.36963625e+00  8.76573130e+00 
 1.76817299e+09 -8.37412190e+00  8.57097106e+00 
 1.80894658e+09 -8.37841195e+00  8.38040555e+00 
 1.85066040e+09 -8.38251475e+00  8.19395248e+00 
 1.89333613e+09 -8.38643831e+00  8.01153065e+00 
 1.93699595e+09 -8.39019030e+00  7.83305994e+00 
 1.98166255e+09 -8.39377808e+00  7.65846137e+00 
 2.02735916e+09 -8.39720873e+00  7.48765707e+00 
 2.07410951e+09 -8.40048899e+00  7.32057035e+00 
 2.12193792e+09 -8.40362537e+00  7.15712564e+00 
 2.17086923e+09 -8.40662406e+00  6.99724858e+00 
 2.22092889e+09 -8.40949104e+00  6.84086595e+00 
 2.27214291e+09 -8.41223200e+00  6.68790575e+00 
 2.32453791e+09 -8.41485240e+00  6.53829713e+00 
 2.37814113e+09 -8.41735749e+00  6.39197043e+00 
 2.43298042e+09 -8.41975227e+00  6.24885720e+00 
 2.48908429e+09 -8.42204155e+00  6.10889014e+00 
 2.54648190e+09 -8.42422991e+00  5.97200313e+00 
 2.60520309e+09 -8.42632177e+00  5.83813124e+00 
 2.66527837e+09 -8.42832133e+00  5.70721069e+00 
 2.72673897e+09 -8.43023263e+00  5.57917886e+00 
 2.78961683e+09 -8.43205952e+00  5.45397428e+00 
 2.85394464e+09 -8.43380571e+00  5.33153664e+00 
 2.91975583e+09 -8.43547472e+00  5.21180672e+00 
 2.98708461e+09 -8.43706993e+00  5.09472644e+00 
 3.05596598e+09 -8.43859460e+00  4.98023885e+00 
 3.12643573e+09 -8.44005181e+00  4.86828805e+00 
 3.19853049e+09 -8.44144452e+00  4.75881925e+00 
 3.27228774e+09 -8.44277557e+00  4.65177873e+00 
 3.34774581e+09 -8.44404768e+00  4.54711381e+00 
 3.42494392e+09 -8.44526344e+00  4.44477286e+00 
 3.50392221e+09 -8.44642533e+00  4.34470528e+00 
 3.58472171e+09 -8.44753572e+00  4.24686148e+00 
 3.66738442e+09 -8.44859688e+00  4.15119287e+00 
 3.75195331e+09 -8.44961099e+00  4.05765183e+00 
 3.83847234e+09 -8.45058012e+00  3.96619172e+00 
 3.92698648e+09 -8.45150625e+00  3.87676685e+00 
 4.01754173e+09 -8.45239129e+00  3.78933247e+00 
 4.11018515e+09 -8.45323705e+00  3.70384474e+00 
 4.20496491e+09 -8.45404527e+00  3.62026074e+00 
 4.30193027e+09 -8.45481761e+00  3.53853843e+00 
 4.40113162e+09 -8.45555564e+00  3.45863666e+00 
 4.50262052e+09 -8.45626091e+00  3.38051511e+00 
 4.60644974e+09 -8.45693484e+00  3.30413433e+00 
 4.71267322e+09 -8.45757883e+00  3.22945571e+00 
 4.82134619e+09 -8.45819421e+00  3.15644141e+00 
 4.93252513e+09 -8.45878224e+00  3.08505444e+00 
 5.04626783e+09 -8.45934414e+00  3.01525856e+00 
 5.16263340e+09 -8.45988106e+00  2.94701832e+00 
 5.28168234e+09 -8.46039411e+00  2.88029900e+00 
 5.40347650e+09 -8.46088435e+00  2.81506665e+00 
 5.52807921e+09 -8.46135279e+00  2.75128802e+00 
 5.65555523e+09 -8.46180040e+00  2.68893058e+00 
 5.78597080e+09 -8.46222811e+00  2.62796252e+00 
 5.91939372e+09 -8.46263679e+00  2.56835268e+00 
 6.05589334e+09 -8.46302729e+00  2.51007058e+00 
 6.19554061e+09 -8.46340042e+00  2.45308642e+00 
 6.33840810e+09 -8.46375694e+00  2.39737101e+00 
 6.48457008e+09 -8.46409761e+00  2.34289581e+00 
 6.63410251e+09 -8.46442311e+00  2.28963289e+00 
 6.78708313e+09 -8.46473414e+00  2.23755493e+00 
 6.94359143e+09 -8.46503132e+00  2.18663519e+00 
 7.10370877e+09 -8.46531527e+00  2.13684754e+00 
 7.26751838e+09 -8.46558659e+00  2.08816637e+00 
 7.43510539e+09 -8.46584583e+00  2.04056667e+00 
 7.60655691e+09 -8.46609353e+00  1.99402396e+00 
 7.78196206e+09 -8.46633020e+00  1.94851427e+00 
 7.96141200e+09 -8.46655634e+00  1.90401418e+00 
 8.14500001e+09 -8.46677241e+00  1.86050077e+00 
 8.33282151e+09 -8.46697886e+00  1.81795162e+00 
 8.52497412e+09 -8.46717612e+00  1.77634480e+00 
 8.72155772e+09 -8.46736459e+00  1.73565884e+00 
 8.92267449e+09 -8.46754468e+00  1.69587277e+00 
 9.12842895e+09 -8.46771674e+00  1.65696605e+00 
 9.33892805e+09 -8.46788115e+00  1.61891859e+00 
 9.55428121e+09 -8.46803823e+00  1.58171076e+00 
 9.77460036e+09 -8.46818832e+00  1.54532334e+00 
 1.00000000e+10 -8.46833173e+00  1.50973751e+00 
