 frequency       AmagdB          Aphdeg         
 1.00000000e+04  2.73214491e+01  1.79867519e+02 
 1.02305973e+04  2.73214481e+01  1.79864465e+02 
 1.04665121e+04  2.73214469e+01  1.79861339e+02 
 1.07078670e+04  2.73214458e+01  1.79858142e+02 
 1.09547876e+04  2.73214446e+01  1.79854870e+02 
 1.12074020e+04  2.73214433e+01  1.79851524e+02 
 1.14658417e+04  2.73214419e+01  1.79848100e+02 
 1.17302409e+04  2.73214405e+01  1.79844597e+02 
 1.20007371e+04  2.73214391e+01  1.79841014e+02 
 1.22774708e+04  2.73214375e+01  1.79837348e+02 
 1.25605860e+04  2.73214359e+01  1.79833597e+02 
 1.28502297e+04  2.73214342e+01  1.79829760e+02 
 1.31465525e+04  2.73214325e+01  1.79825834e+02 
 1.34497085e+04  2.73214306e+01  1.79821818e+02 
 1.37598551e+04  2.73214287e+01  1.79817709e+02 
 1.40771537e+04  2.73214266e+01  1.79813505e+02 
 1.44017690e+04  2.73214245e+01  1.79809205e+02 
 1.47338699e+04  2.73214223e+01  1.79804805e+02 
 1.50736290e+04  2.73214200e+01  1.79800304e+02 
 1.54212228e+04  2.73214176e+01  1.79795699e+02 
 1.57768320e+04  2.73214150e+01  1.79790988e+02 
 1.61406415e+04  2.73214124e+01  1.79786169e+02 
 1.65128404e+04  2.73214096e+01  1.79781238e+02 
 1.68936220e+04  2.73214067e+01  1.79776193e+02 
 1.72831844e+04  2.73214036e+01  1.79771032e+02 
 1.76817299e+04  2.73214004e+01  1.79765752e+02 
 1.80894658e+04  2.73213971e+01  1.79760351e+02 
 1.85066040e+04  2.73213936e+01  1.79754825e+02 
 1.89333613e+04  2.73213899e+01  1.79749171e+02 
 1.93699595e+04  2.73213861e+01  1.79743387e+02 
 1.98166255e+04  2.73213821e+01  1.79737470e+02 
 2.02735916e+04  2.73213779e+01  1.79731416e+02 
 2.07410951e+04  2.73213735e+01  1.79725222e+02 
 2.12193792e+04  2.73213689e+01  1.79718886e+02 
 2.17086923e+04  2.73213641e+01  1.79712404e+02 
 2.22092889e+04  2.73213591e+01  1.79705772e+02 
 2.27214291e+04  2.73213538e+01  1.79698987e+02 
 2.32453791e+04  2.73213483e+01  1.79692046e+02 
 2.37814113e+04  2.73213425e+01  1.79684945e+02 
 2.43298042e+04  2.73213365e+01  1.79677680e+02 
 2.48908429e+04  2.73213301e+01  1.79670248e+02 
 2.54648190e+04  2.73213235e+01  1.79662644e+02 
 2.60520309e+04  2.73213166e+01  1.79654865e+02 
 2.66527837e+04  2.73213093e+01  1.79646906e+02 
 2.72673897e+04  2.73213017e+01  1.79638764e+02 
 2.78961683e+04  2.73212938e+01  1.79630434e+02 
 2.85394464e+04  2.73212855e+01  1.79621913e+02 
 2.91975583e+04  2.73212768e+01  1.79613194e+02 
 2.98708461e+04  2.73212677e+01  1.79604275e+02 
 3.05596598e+04  2.73212581e+01  1.79595150e+02 
 3.12643573e+04  2.73212482e+01  1.79585814e+02 
 3.19853049e+04  2.73212377e+01  1.79576264e+02 
 3.27228774e+04  2.73212268e+01  1.79566493e+02 
 3.34774581e+04  2.73212153e+01  1.79556497e+02 
 3.42494392e+04  2.73212034e+01  1.79546270e+02 
 3.50392221e+04  2.73211908e+01  1.79535808e+02 
 3.58472171e+04  2.73211777e+01  1.79525104e+02 
 3.66738442e+04  2.73211640e+01  1.79514153e+02 
 3.75195331e+04  2.73211496e+01  1.79502951e+02 
 3.83847234e+04  2.73211346e+01  1.79491489e+02 
 3.92698648e+04  2.73211188e+01  1.79479764e+02 
 4.01754173e+04  2.73211024e+01  1.79467768e+02 
 4.11018515e+04  2.73210851e+01  1.79455496e+02 
 4.20496491e+04  2.73210671e+01  1.79442940e+02 
 4.30193027e+04  2.73210482e+01  1.79430095e+02 
 4.40113162e+04  2.73210284e+01  1.79416954e+02 
 4.50262052e+04  2.73210077e+01  1.79403510e+02 
 4.60644974e+04  2.73209860e+01  1.79389757e+02 
 4.71267322e+04  2.73209634e+01  1.79375686e+02 
 4.82134619e+04  2.73209396e+01  1.79361290e+02 
 4.93252513e+04  2.73209148e+01  1.79346563e+02 
 5.04626783e+04  2.73208888e+01  1.79331496e+02 
 5.16263340e+04  2.73208616e+01  1.79316082e+02 
 5.28168234e+04  2.73208331e+01  1.79300313e+02 
 5.40347650e+04  2.73208033e+01  1.79284180e+02 
 5.52807921e+04  2.73207721e+01  1.79267675e+02 
 5.65555523e+04  2.73207395e+01  1.79250790e+02 
 5.78597080e+04  2.73207053e+01  1.79233515e+02 
 5.91939372e+04  2.73206696e+01  1.79215842e+02 
 6.05589334e+04  2.73206321e+01  1.79197762e+02 
 6.19554061e+04  2.73205929e+01  1.79179265e+02 
 6.33840810e+04  2.73205519e+01  1.79160342e+02 
 6.48457008e+04  2.73205090e+01  1.79140982e+02 
 6.63410251e+04  2.73204641e+01  1.79121176e+02 
 6.78708313e+04  2.73204171e+01  1.79100914e+02 
 6.94359143e+04  2.73203679e+01  1.79080185e+02 
 7.10370877e+04  2.73203164e+01  1.79058978e+02 
 7.26751838e+04  2.73202625e+01  1.79037282e+02 
 7.43510539e+04  2.73202060e+01  1.79015087e+02 
 7.60655691e+04  2.73201470e+01  1.78992379e+02 
 7.78196206e+04  2.73200852e+01  1.78969149e+02 
 7.96141200e+04  2.73200205e+01  1.78945383e+02 
 8.14500001e+04  2.73199528e+01  1.78921069e+02 
 8.33282151e+04  2.73198819e+01  1.78896195e+02 
 8.52497412e+04  2.73198078e+01  1.78870748e+02 
 8.72155772e+04  2.73197301e+01  1.78844715e+02 
 8.92267449e+04  2.73196489e+01  1.78818081e+02 
 9.12842895e+04  2.73195639e+01  1.78790835e+02 
 9.33892805e+04  2.73194749e+01  1.78762960e+02 
 9.55428121e+04  2.73193817e+01  1.78734443e+02 
 9.77460036e+04  2.73192842e+01  1.78705269e+02 
 1.00000000e+05  2.73191822e+01  1.78675424e+02 
 1.02305973e+05  2.73190754e+01  1.78644890e+02 
 1.04665121e+05  2.73189636e+01  1.78613654e+02 
 1.07078670e+05  2.73188466e+01  1.78581697e+02 
 1.09547876e+05  2.73187242e+01  1.78549005e+02 
 1.12074020e+05  2.73185960e+01  1.78515560e+02 
 1.14658417e+05  2.73184619e+01  1.78481345e+02 
 1.17302409e+05  2.73183215e+01  1.78446342e+02 
 1.20007371e+05  2.73181746e+01  1.78410533e+02 
 1.22774708e+05  2.73180208e+01  1.78373899e+02 
 1.25605860e+05  2.73178599e+01  1.78336422e+02 
 1.28502297e+05  2.73176915e+01  1.78298082e+02 
 1.31465525e+05  2.73175152e+01  1.78258860e+02 
 1.34497085e+05  2.73173307e+01  1.78218735e+02 
 1.37598551e+05  2.73171376e+01  1.78177686e+02 
 1.40771537e+05  2.73169355e+01  1.78135693e+02 
 1.44017690e+05  2.73167240e+01  1.78092733e+02 
 1.47338699e+05  2.73165026e+01  1.78048785e+02 
 1.50736290e+05  2.73162709e+01  1.78003826e+02 
 1.54212228e+05  2.73160284e+01  1.77957832e+02 
 1.57768320e+05  2.73157746e+01  1.77910781e+02 
 1.61406415e+05  2.73155090e+01  1.77862647e+02 
 1.65128404e+05  2.73152310e+01  1.77813407e+02 
 1.68936220e+05  2.73149401e+01  1.77763034e+02 
 1.72831844e+05  2.73146356e+01  1.77711504e+02 
 1.76817299e+05  2.73143169e+01  1.77658788e+02 
 1.80894658e+05  2.73139834e+01  1.77604861e+02 
 1.85066040e+05  2.73136344e+01  1.77549695e+02 
 1.89333613e+05  2.73132691e+01  1.77493262e+02 
 1.93699595e+05  2.73128868e+01  1.77435532e+02 
 1.98166255e+05  2.73124867e+01  1.77376476e+02 
 2.02735916e+05  2.73120680e+01  1.77316064e+02 
 2.07410951e+05  2.73116298e+01  1.77254265e+02 
 2.12193792e+05  2.73111712e+01  1.77191047e+02 
 2.17086923e+05  2.73106912e+01  1.77126379e+02 
 2.22092889e+05  2.73101889e+01  1.77060226e+02 
 2.27214291e+05  2.73096633e+01  1.76992557e+02 
 2.32453791e+05  2.73091132e+01  1.76923335e+02 
 2.37814113e+05  2.73085375e+01  1.76852526e+02 
 2.43298042e+05  2.73079350e+01  1.76780094e+02 
 2.48908429e+05  2.73073045e+01  1.76706002e+02 
 2.54648190e+05  2.73066447e+01  1.76630213e+02 
 2.60520309e+05  2.73059542e+01  1.76552688e+02 
 2.66527837e+05  2.73052316e+01  1.76473389e+02 
 2.72673897e+05  2.73044755e+01  1.76392274e+02 
 2.78961683e+05  2.73036842e+01  1.76309304e+02 
 2.85394464e+05  2.73028561e+01  1.76224436e+02 
 2.91975583e+05  2.73019896e+01  1.76137627e+02 
 2.98708461e+05  2.73010829e+01  1.76048836e+02 
 3.05596598e+05  2.73001340e+01  1.75958015e+02 
 3.12643573e+05  2.72991412e+01  1.75865121e+02 
 3.19853049e+05  2.72981022e+01  1.75770108e+02 
 3.27228774e+05  2.72970150e+01  1.75672926e+02 
 3.34774581e+05  2.72958774e+01  1.75573529e+02 
 3.42494392e+05  2.72946871e+01  1.75471867e+02 
 3.50392221e+05  2.72934416e+01  1.75367890e+02 
 3.58472171e+05  2.72921383e+01  1.75261546e+02 
 3.66738442e+05  2.72907747e+01  1.75152783e+02 
 3.75195331e+05  2.72893479e+01  1.75041547e+02 
 3.83847234e+05  2.72878551e+01  1.74927785e+02 
 3.92698648e+05  2.72862931e+01  1.74811439e+02 
 4.01754173e+05  2.72846589e+01  1.74692454e+02 
 4.11018515e+05  2.72829491e+01  1.74570772e+02 
 4.20496491e+05  2.72811603e+01  1.74446334e+02 
 4.30193027e+05  2.72792888e+01  1.74319080e+02 
 4.40113162e+05  2.72773309e+01  1.74188948e+02 
 4.50262052e+05  2.72752826e+01  1.74055876e+02 
 4.60644974e+05  2.72731397e+01  1.73919801e+02 
 4.71267322e+05  2.72708981e+01  1.73780658e+02 
 4.82134619e+05  2.72685530e+01  1.73638381e+02 
 4.93252513e+05  2.72661000e+01  1.73492903e+02 
 5.04626783e+05  2.72635340e+01  1.73344155e+02 
 5.16263340e+05  2.72608499e+01  1.73192069e+02 
 5.28168234e+05  2.72580423e+01  1.73036573e+02 
 5.40347650e+05  2.72551057e+01  1.72877596e+02 
 5.52807921e+05  2.72520343e+01  1.72715065e+02 
 5.65555523e+05  2.72488219e+01  1.72548905e+02 
 5.78597080e+05  2.72454622e+01  1.72379042e+02 
 5.91939372e+05  2.72419485e+01  1.72205398e+02 
 6.05589334e+05  2.72382739e+01  1.72027895e+02 
 6.19554061e+05  2.72344313e+01  1.71846456e+02 
 6.33840810e+05  2.72304130e+01  1.71660999e+02 
 6.48457008e+05  2.72262113e+01  1.71471444e+02 
 6.63410251e+05  2.72218178e+01  1.71277708e+02 
 6.78708313e+05  2.72172242e+01  1.71079709e+02 
 6.94359143e+05  2.72124215e+01  1.70877361e+02 
 7.10370877e+05  2.72074004e+01  1.70670579e+02 
 7.26751838e+05  2.72021513e+01  1.70459277e+02 
 7.43510539e+05  2.71966641e+01  1.70243368e+02 
 7.60655691e+05  2.71909283e+01  1.70022763e+02 
 7.78196206e+05  2.71849331e+01  1.69797374e+02 
 7.96141200e+05  2.71786670e+01  1.69567110e+02 
 8.14500001e+05  2.71721182e+01  1.69331882e+02 
 8.33282151e+05  2.71652745e+01  1.69091597e+02 
 8.52497412e+05  2.71581231e+01  1.68846164e+02 
 8.72155772e+05  2.71506507e+01  1.68595491e+02 
 8.92267449e+05  2.71428434e+01  1.68339485e+02 
 9.12842895e+05  2.71346869e+01  1.68078053e+02 
 9.33892805e+05  2.71261662e+01  1.67811103e+02 
 9.55428121e+05  2.71172660e+01  1.67538539e+02 
 9.77460036e+05  2.71079700e+01  1.67260270e+02 
 1.00000000e+06  2.70982616e+01  1.66976202e+02 
 1.02305973e+06  2.70881235e+01  1.66686241e+02 
 1.04665121e+06  2.70775377e+01  1.66390297e+02 
 1.07078670e+06  2.70664857e+01  1.66088275e+02 
 1.09547876e+06  2.70549481e+01  1.65780086e+02 
 1.12074020e+06  2.70429050e+01  1.65465639e+02 
 1.14658417e+06  2.70303358e+01  1.65144844e+02 
 1.17302409e+06  2.70172190e+01  1.64817614e+02 
 1.20007371e+06  2.70035327e+01  1.64483863e+02 
 1.22774708e+06  2.69892539e+01  1.64143504e+02 
 1.25605860e+06  2.69743591e+01  1.63796456e+02 
 1.28502297e+06  2.69588240e+01  1.63442638e+02 
 1.31465525e+06  2.69426234e+01  1.63081971e+02 
 1.34497085e+06  2.69257316e+01  1.62714380e+02 
 1.37598551e+06  2.69081218e+01  1.62339793e+02 
 1.40771537e+06  2.68897667e+01  1.61958139e+02 
 1.44017690e+06  2.68706380e+01  1.61569353e+02 
 1.47338699e+06  2.68507068e+01  1.61173373e+02 
 1.50736290e+06  2.68299433e+01  1.60770142e+02 
 1.54212228e+06  2.68083169e+01  1.60359605e+02 
 1.57768320e+06  2.67857965e+01  1.59941714e+02 
 1.61406415e+06  2.67623498e+01  1.59516426e+02 
 1.65128404e+06  2.67379442e+01  1.59083703e+02 
 1.68936220e+06  2.67125461e+01  1.58643514e+02 
 1.72831844e+06  2.66861213e+01  1.58195831e+02 
 1.76817299e+06  2.66586349e+01  1.57740638e+02 
 1.80894658e+06  2.66300514e+01  1.57277920e+02 
 1.85066040e+06  2.66003346e+01  1.56807674e+02 
 1.89333613e+06  2.65694477e+01  1.56329903e+02 
 1.93699595e+06  2.65373535e+01  1.55844617e+02 
 1.98166255e+06  2.65040142e+01  1.55351837e+02 
 2.02735916e+06  2.64693916e+01  1.54851591e+02 
 2.07410951e+06  2.64334471e+01  1.54343917e+02 
 2.12193792e+06  2.63961417e+01  1.53828861e+02 
 2.17086923e+06  2.63574362e+01  1.53306482e+02 
 2.22092889e+06  2.63172912e+01  1.52776845e+02 
 2.27214291e+06  2.62756671e+01  1.52240029e+02 
 2.32453791e+06  2.62325244e+01  1.51696123e+02 
 2.37814113e+06  2.61878235e+01  1.51145225e+02 
 2.43298042e+06  2.61415249e+01  1.50587446e+02 
 2.48908429e+06  2.60935894e+01  1.50022908e+02 
 2.54648190e+06  2.60439780e+01  1.49451745e+02 
 2.60520309e+06  2.59926522e+01  1.48874102e+02 
 2.66527837e+06  2.59395739e+01  1.48290135e+02 
 2.72673897e+06  2.58847058e+01  1.47700013e+02 
 2.78961683e+06  2.58280109e+01  1.47103916e+02 
 2.85394464e+06  2.57694535e+01  1.46502036e+02 
 2.91975583e+06  2.57089986e+01  1.45894576e+02 
 2.98708461e+06  2.56466120e+01  1.45281751e+02 
 3.05596598e+06  2.55822611e+01  1.44663788e+02 
 3.12643573e+06  2.55159141e+01  1.44040922e+02 
 3.19853049e+06  2.54475410e+01  1.43413401e+02 
 3.27228774e+06  2.53771128e+01  1.42781483e+02 
 3.34774581e+06  2.53046025e+01  1.42145435e+02 
 3.42494392e+06  2.52299844e+01  1.41505534e+02 
 3.50392221e+06  2.51532347e+01  1.40862065e+02 
 3.58472171e+06  2.50743316e+01  1.40215322e+02 
 3.66738442e+06  2.49932550e+01  1.39565605e+02 
 3.75195331e+06  2.49099869e+01  1.38913224e+02 
 3.83847234e+06  2.48245114e+01  1.38258491e+02 
 3.92698648e+06  2.47368147e+01  1.37601728e+02 
 4.01754173e+06  2.46468852e+01  1.36943257e+02 
 4.11018515e+06  2.45547136e+01  1.36283406e+02 
 4.20496491e+06  2.44602928e+01  1.35622508e+02 
 4.30193027e+06  2.43636182e+01  1.34960895e+02 
 4.40113162e+06  2.42646873e+01  1.34298901e+02 
 4.50262052e+06  2.41635001e+01  1.33636861e+02 
 4.60644974e+06  2.40600588e+01  1.32975109e+02 
 4.71267322e+06  2.39543681e+01  1.32313978e+02 
 4.82134619e+06  2.38464350e+01  1.31653799e+02 
 4.93252513e+06  2.37362685e+01  1.30994899e+02 
 5.04626783e+06  2.36238804e+01  1.30337601e+02 
 5.16263340e+06  2.35092841e+01  1.29682224e+02 
 5.28168234e+06  2.33924956e+01  1.29029081e+02 
 5.40347650e+06  2.32735328e+01  1.28378479e+02 
 5.52807921e+06  2.31524155e+01  1.27730717e+02 
 5.65555523e+06  2.30291658e+01  1.27086088e+02 
 5.78597080e+06  2.29038072e+01  1.26444874e+02 
 5.91939372e+06  2.27763653e+01  1.25807351e+02 
 6.05589334e+06  2.26468672e+01  1.25173784e+02 
 6.19554061e+06  2.25153417e+01  1.24544428e+02 
 6.33840810e+06  2.23818189e+01  1.23919528e+02 
 6.48457008e+06  2.22463304e+01  1.23299317e+02 
 6.63410251e+06  2.21089090e+01  1.22684020e+02 
 6.78708313e+06  2.19695887e+01  1.22073846e+02 
 6.94359143e+06  2.18284044e+01  1.21468997e+02 
 7.10370877e+06  2.16853922e+01  1.20869660e+02 
 7.26751838e+06  2.15405887e+01  1.20276013e+02 
 7.43510539e+06  2.13940315e+01  1.19688218e+02 
 7.60655691e+06  2.12457585e+01  1.19106429e+02 
 7.78196206e+06  2.10958084e+01  1.18530786e+02 
 7.96141200e+06  2.09442202e+01  1.17961418e+02 
 8.14500001e+06  2.07910332e+01  1.17398442e+02 
 8.33282151e+06  2.06362869e+01  1.16841962e+02 
 8.52497412e+06  2.04800208e+01  1.16292073e+02 
 8.72155772e+06  2.03222748e+01  1.15748857e+02 
 8.92267449e+06  2.01630884e+01  1.15212386e+02 
 9.12842895e+06  2.00025011e+01  1.14682720e+02 
 9.33892805e+06  1.98405523e+01  1.14159910e+02 
 9.55428121e+06  1.96772809e+01  1.13643996e+02 
 9.77460036e+06  1.95127259e+01  1.13135008e+02 
 1.00000000e+07  1.93469254e+01  1.12632968e+02 
 1.02305973e+07  1.91799174e+01  1.12137886e+02 
 1.04665121e+07  1.90117392e+01  1.11649767e+02 
 1.07078670e+07  1.88424279e+01  1.11168604e+02 
 1.09547876e+07  1.86720197e+01  1.10694383e+02 
 1.12074020e+07  1.85005504e+01  1.10227085e+02 
 1.14658417e+07  1.83280548e+01  1.09766679e+02 
 1.17302409e+07  1.81545676e+01  1.09313131e+02 
 1.20007371e+07  1.79801223e+01  1.08866398e+02 
 1.22774708e+07  1.78047520e+01  1.08426433e+02 
 1.25605860e+07  1.76284888e+01  1.07993180e+02 
 1.28502297e+07  1.74513643e+01  1.07566580e+02 
 1.31465525e+07  1.72734093e+01  1.07146569e+02 
 1.34497085e+07  1.70946537e+01  1.06733076e+02 
 1.37598551e+07  1.69151267e+01  1.06326027e+02 
 1.40771537e+07  1.67348568e+01  1.05925344e+02 
 1.44017690e+07  1.65538717e+01  1.05530943e+02 
 1.47338699e+07  1.63721982e+01  1.05142740e+02 
 1.50736290e+07  1.61898624e+01  1.04760644e+02 
 1.54212228e+07  1.60068897e+01  1.04384563e+02 
 1.57768320e+07  1.58233048e+01  1.04014402e+02 
 1.61406415e+07  1.56391315e+01  1.03650062e+02 
 1.65128404e+07  1.54543929e+01  1.03291443e+02 
 1.68936220e+07  1.52691115e+01  1.02938444e+02 
 1.72831844e+07  1.50833088e+01  1.02590959e+02 
 1.76817299e+07  1.48970060e+01  1.02248883e+02 
 1.80894658e+07  1.47102233e+01  1.01912107e+02 
 1.85066040e+07  1.45229803e+01  1.01580524e+02 
 1.89333613e+07  1.43352961e+01  1.01254023e+02 
 1.93699595e+07  1.41471890e+01  1.00932492e+02 
 1.98166255e+07  1.39586767e+01  1.00615820e+02 
 2.02735916e+07  1.37697764e+01  1.00303893e+02 
 2.07410951e+07  1.35805044e+01  9.99965992e+01 
 2.12193792e+07  1.33908769e+01  9.96938236e+01 
 2.17086923e+07  1.32009092e+01  9.93954520e+01 
 2.22092889e+07  1.30106161e+01  9.91013698e+01 
 2.27214291e+07  1.28200121e+01  9.88114621e+01 
 2.32453791e+07  1.26291108e+01  9.85256138e+01 
 2.37814113e+07  1.24379258e+01  9.82437099e+01 
 2.43298042e+07  1.22464698e+01  9.79656353e+01 
 2.48908429e+07  1.20547553e+01  9.76912751e+01 
 2.54648190e+07  1.18627943e+01  9.74205143e+01 
 2.60520309e+07  1.16705984e+01  9.71532384e+01 
 2.66527837e+07  1.14781787e+01  9.68893328e+01 
 2.72673897e+07  1.12855460e+01  9.66286835e+01 
 2.78961683e+07  1.10927107e+01  9.63711765e+01 
 2.85394464e+07  1.08996829e+01  9.61166983e+01 
 2.91975583e+07  1.07064723e+01  9.58651356e+01 
 2.98708461e+07  1.05130882e+01  9.56163758e+01 
 3.05596598e+07  1.03195399e+01  9.53703063e+01 
 3.12643573e+07  1.01258360e+01  9.51268151e+01 
 3.19853049e+07  9.93198503e+00  9.48857905e+01 
 3.27228774e+07  9.73799529e+00  9.46471215e+01 
 3.34774581e+07  9.54387473e+00  9.44106971e+01 
 3.42494392e+07  9.34963109e+00  9.41764070e+01 
 3.50392221e+07  9.15527191e+00  9.39441412e+01 
 3.58472171e+07  8.96080447e+00  9.37137902e+01 
 3.66738442e+07  8.76623590e+00  9.34852447e+01 
 3.75195331e+07  8.57157309e+00  9.32583960e+01 
 3.83847234e+07  8.37682280e+00  9.30331357e+01 
 3.92698648e+07  8.18199160e+00  9.28093557e+01 
 4.01754173e+07  7.98708591e+00  9.25869483e+01 
 4.11018515e+07  7.79211201e+00  9.23658061e+01 
 4.20496491e+07  7.59707607e+00  9.21458219e+01 
 4.30193027e+07  7.40198412e+00  9.19268890e+01 
 4.40113162e+07  7.20684209e+00  9.17089008e+01 
 4.50262052e+07  7.01165582e+00  9.14917509e+01 
 4.60644974e+07  6.81643106e+00  9.12753334e+01 
 4.71267322e+07  6.62117350e+00  9.10595421e+01 
 4.82134619e+07  6.42588874e+00  9.08442715e+01 
 4.93252513e+07  6.23058235e+00  9.06294157e+01 
 5.04626783e+07  6.03525986e+00  9.04148694e+01 
 5.16263340e+07  5.83992676e+00  9.02005271e+01 
 5.28168234e+07  5.64458853e+00  8.99862834e+01 
 5.40347650e+07  5.44925061e+00  8.97720329e+01 
 5.52807921e+07  5.25391849e+00  8.95576702e+01 
 5.65555523e+07  5.05859764e+00  8.93430901e+01 
 5.78597080e+07  4.86329354e+00  8.91281869e+01 
 5.91939372e+07  4.66801173e+00  8.89128552e+01 
 6.05589334e+07  4.47275778e+00  8.86969894e+01 
 6.19554061e+07  4.27753731e+00  8.84804836e+01 
 6.33840810e+07  4.08235602e+00  8.82632319e+01 
 6.48457008e+07  3.88721966e+00  8.80451282e+01 
 6.63410251e+07  3.69213407e+00  8.78260661e+01 
 6.78708313e+07  3.49710522e+00  8.76059390e+01 
 6.94359143e+07  3.30213913e+00  8.73846400e+01 
 7.10370877e+07  3.10724200e+00  8.71620621e+01 
 7.26751838e+07  2.91242011e+00  8.69380977e+01 
 7.43510539e+07  2.71767990e+00  8.67126392e+01 
 7.60655691e+07  2.52302799e+00  8.64855783e+01 
 7.78196206e+07  2.32847111e+00  8.62568066e+01 
 7.96141200e+07  2.13401621e+00  8.60262153e+01 
 8.14500001e+07  1.93967043e+00  8.57936952e+01 
 8.33282151e+07  1.74544108e+00  8.55591365e+01 
 8.52497412e+07  1.55133571e+00  8.53224294e+01 
 8.72155772e+07  1.35736210e+00  8.50834633e+01 
 8.92267449e+07  1.16352827e+00  8.48421273e+01 
 9.12842895e+07  9.69842468e-01  8.45983103e+01 
 9.33892805e+07  7.76313248e-01  8.43519005e+01 
 9.55428121e+07  5.82949428e-01  8.41027859e+01 
 9.77460036e+07  3.89760126e-01  8.38508538e+01 
 1.00000000e+08  1.96754770e-01  8.35959916e+01 
 1.02305973e+08  3.94311902e-03  8.33380858e+01 
 1.04665121e+08 -1.88664730e-01  8.30770229e+01 
 1.07078670e+08 -3.81058322e-01  8.28126890e+01 
 1.09547876e+08 -5.73226829e-01  8.25449699e+01 
 1.12074020e+08 -7.65159033e-01  8.22737510e+01 
 1.14658417e+08 -9.56843313e-01  8.19989177e+01 
 1.17302409e+08 -1.14826763e+00  8.17203550e+01 
 1.20007371e+08 -1.33941949e+00  8.14379480e+01 
 1.22774708e+08 -1.53028598e+00  8.11515816e+01 
 1.25605860e+08 -1.72085367e+00  8.08611406e+01 
 1.28502297e+08 -1.91110868e+00  8.05665101e+01 
 1.31465525e+08 -2.10103661e+00  8.02675751e+01 
 1.34497085e+08 -2.29062253e+00  7.99642211e+01 
 1.37598551e+08 -2.47985097e+00  7.96563336e+01 
 1.40771537e+08 -2.66870593e+00  7.93437987e+01 
 1.44017690e+08 -2.85717080e+00  7.90265030e+01 
 1.47338699e+08 -3.04522839e+00  7.87043338e+01 
 1.50736290e+08 -3.23286092e+00  7.83771790e+01 
 1.54212228e+08 -3.42004996e+00  7.80449276e+01 
 1.57768320e+08 -3.60677645e+00  7.77074696e+01 
 1.61406415e+08 -3.79302068e+00  7.73646960e+01 
 1.65128404e+08 -3.97876226e+00  7.70164995e+01 
 1.68936220e+08 -4.16398011e+00  7.66627742e+01 
 1.72831844e+08 -4.34865245e+00  7.63034160e+01 
 1.76817299e+08 -4.53275680e+00  7.59383225e+01 
 1.80894658e+08 -4.71626993e+00  7.55673938e+01 
 1.85066040e+08 -4.89916791e+00  7.51905322e+01 
 1.89333613e+08 -5.08142601e+00  7.48076426e+01 
 1.93699595e+08 -5.26301880e+00  7.44186327e+01 
 1.98166255e+08 -5.44392005e+00  7.40234136e+01 
 2.02735916e+08 -5.62410278e+00  7.36218994e+01 
 2.07410951e+08 -5.80353923e+00  7.32140082e+01 
 2.12193792e+08 -5.98220086e+00  7.27996617e+01 
 2.17086923e+08 -6.16005838e+00  7.23787862e+01 
 2.22092889e+08 -6.33708172e+00  7.19513124e+01 
 2.27214291e+08 -6.51324002e+00  7.15171759e+01 
 2.32453791e+08 -6.68850171e+00  7.10763175e+01 
 2.37814113e+08 -6.86283445e+00  7.06286837e+01 
 2.43298042e+08 -7.03620516e+00  7.01742269e+01 
 2.48908429e+08 -7.20858007e+00  6.97129055e+01 
 2.54648190e+08 -7.37992471e+00  6.92446849e+01 
 2.60520309e+08 -7.55020393e+00  6.87695373e+01 
 2.66527837e+08 -7.71938195e+00  6.82874423e+01 
 2.72673897e+08 -7.88742240e+00  6.77983872e+01 
 2.78961683e+08 -8.05428833e+00  6.73023675e+01 
 2.85394464e+08 -8.21994224e+00  6.67993872e+01 
 2.91975583e+08 -8.38434619e+00  6.62894588e+01 
 2.98708461e+08 -8.54746177e+00  6.57726044e+01 
 3.05596598e+08 -8.70925021e+00  6.52488555e+01 
 3.12643573e+08 -8.86967242e+00  6.47182533e+01 
 3.19853049e+08 -9.02868907e+00  6.41808494e+01 
 3.27228774e+08 -9.18626062e+00  6.36367058e+01 
 3.34774581e+08 -9.34234742e+00  6.30858953e+01 
 3.42494392e+08 -9.49690982e+00  6.25285016e+01 
 3.50392221e+08 -9.64990817e+00  6.19646198e+01 
 3.58472171e+08 -9.80130299e+00  6.13943564e+01 
 3.66738442e+08 -9.95105501e+00  6.08178296e+01 
 3.75195331e+08 -1.00991253e+01  6.02351694e+01 
 3.83847234e+08 -1.02454753e+01  5.96465175e+01 
 3.92698648e+08 -1.03900670e+01  5.90520278e+01 
 4.01754173e+08 -1.05328631e+01  5.84518659e+01 
 4.11018515e+08 -1.06738268e+01  5.78462097e+01 
 4.20496491e+08 -1.08129224e+01  5.72352485e+01 
 4.30193027e+08 -1.09501149e+01  5.66191837e+01 
 4.40113162e+08 -1.10853706e+01  5.59982281e+01 
 4.50262052e+08 -1.12186567e+01  5.53726059e+01 
 4.60644974e+08 -1.13499420e+01  5.47425524e+01 
 4.71267322e+08 -1.14791962e+01  5.41083135e+01 
 4.82134619e+08 -1.16063909e+01  5.34701455e+01 
 4.93252513e+08 -1.17314992e+01  5.28283147e+01 
 5.04626783e+08 -1.18544958e+01  5.21830968e+01 
 5.16263340e+08 -1.19753571e+01  5.15347761e+01 
 5.28168234e+08 -1.20940615e+01  5.08836456e+01 
 5.40347650e+08 -1.22105894e+01  5.02300056e+01 
 5.52807921e+08 -1.23249230e+01  4.95741636e+01 
 5.65555523e+08 -1.24370468e+01  4.89164332e+01 
 5.78597080e+08 -1.25469473e+01  4.82571336e+01 
 5.91939372e+08 -1.26546134e+01  4.75965885e+01 
 6.05589334e+08 -1.27600360e+01  4.69351257e+01 
 6.19554061e+08 -1.28632086e+01  4.62730757e+01 
 6.33840810e+08 -1.29641267e+01  4.56107717e+01 
 6.48457008e+08 -1.30627884e+01  4.49485476e+01 
 6.63410251e+08 -1.31591939e+01  4.42867382e+01 
 6.78708313e+08 -1.32533460e+01  4.36256774e+01 
 6.94359143e+08 -1.33452497e+01  4.29656981e+01 
 7.10370877e+08 -1.34349123e+01  4.23071308e+01 
 7.26751838e+08 -1.35223433e+01  4.16503030e+01 
 7.43510539e+08 -1.36075547e+01  4.09955382e+01 
 7.60655691e+08 -1.36905605e+01  4.03431552e+01 
 7.78196206e+08 -1.37713768e+01  3.96934674e+01 
 7.96141200e+08 -1.38500219e+01  3.90467818e+01 
 8.14500001e+08 -1.39265161e+01  3.84033986e+01 
 8.33282151e+08 -1.40008815e+01  3.77636101e+01 
 8.52497412e+08 -1.40731420e+01  3.71277006e+01 
 8.72155772e+08 -1.41433235e+01  3.64959454e+01 
 8.92267449e+08 -1.42114534e+01  3.58686107e+01 
 9.12842895e+08 -1.42775606e+01  3.52459526e+01 
 9.33892805e+08 -1.43416755e+01  3.46282171e+01 
 9.55428121e+08 -1.44038299e+01  3.40156394e+01 
 9.77460036e+08 -1.44640567e+01  3.34084441e+01 
 1.00000000e+09 -1.45223900e+01  3.28068442e+01 
 1.02305973e+09 -1.45788650e+01  3.22110417e+01 
 1.04665121e+09 -1.46335177e+01  3.16212267e+01 
 1.07078670e+09 -1.46863849e+01  3.10375779e+01 
 1.09547876e+09 -1.47375042e+01  3.04602621e+01 
 1.12074020e+09 -1.47869136e+01  2.98894345e+01 
 1.14658417e+09 -1.48346518e+01  2.93252384e+01 
 1.17302409e+09 -1.48807578e+01  2.87678058e+01 
 1.20007371e+09 -1.49252708e+01  2.82172569e+01 
 1.22774708e+09 -1.49682302e+01  2.76737007e+01 
 1.25605860e+09 -1.50096758e+01  2.71372351e+01 
 1.28502297e+09 -1.50496470e+01  2.66079468e+01 
 1.31465525e+09 -1.50881834e+01  2.60859121e+01 
 1.34497085e+09 -1.51253244e+01  2.55711967e+01 
 1.37598551e+09 -1.51611092e+01  2.50638561e+01 
 1.40771537e+09 -1.51955767e+01  2.45639362e+01 
 1.44017690e+09 -1.52287655e+01  2.40714733e+01 
 1.47338699e+09 -1.52607137e+01  2.35864943e+01 
 1.50736290e+09 -1.52914591e+01  2.31090177e+01 
 1.54212228e+09 -1.53210388e+01  2.26390532e+01 
 1.57768320e+09 -1.53494896e+01  2.21766027e+01 
 1.61406415e+09 -1.53768475e+01  2.17216603e+01 
 1.65128404e+09 -1.54031481e+01  2.12742127e+01 
 1.68936220e+09 -1.54284260e+01  2.08342396e+01 
 1.72831844e+09 -1.54527155e+01  2.04017143e+01 
 1.76817299e+09 -1.54760500e+01  1.99766038e+01 
 1.80894658e+09 -1.54984622e+01  1.95588692e+01 
 1.85066040e+09 -1.55199840e+01  1.91484661e+01 
 1.89333613e+09 -1.55406467e+01  1.87453450e+01 
 1.93699595e+09 -1.55604807e+01  1.83494517e+01 
 1.98166255e+09 -1.55795156e+01  1.79607273e+01 
 2.02735916e+09 -1.55977804e+01  1.75791089e+01 
 2.07410951e+09 -1.56153032e+01  1.72045299e+01 
 2.12193792e+09 -1.56321113e+01  1.68369199e+01 
 2.17086923e+09 -1.56482312e+01  1.64762057e+01 
 2.22092889e+09 -1.56636887e+01  1.61223106e+01 
 2.27214291e+09 -1.56785089e+01  1.57751558e+01 
 2.32453791e+09 -1.56927158e+01  1.54346598e+01 
 2.37814113e+09 -1.57063332e+01  1.51007389e+01 
 2.43298042e+09 -1.57193836e+01  1.47733077e+01 
 2.48908429e+09 -1.57318890e+01  1.44522790e+01 
 2.54648190e+09 -1.57438708e+01  1.41375640e+01 
 2.60520309e+09 -1.57553496e+01  1.38290730e+01 
 2.66527837e+09 -1.57663451e+01  1.35267147e+01 
 2.72673897e+09 -1.57768766e+01  1.32303974e+01 
 2.78961683e+09 -1.57869627e+01  1.29400285e+01 
 2.85394464e+09 -1.57966211e+01  1.26555147e+01 
 2.91975583e+09 -1.58058692e+01  1.23767625e+01 
 2.98708461e+09 -1.58147235e+01  1.21036780e+01 
 3.05596598e+09 -1.58232001e+01  1.18361673e+01 
 3.12643573e+09 -1.58313143e+01  1.15741364e+01 
 3.19853049e+09 -1.58390811e+01  1.13174914e+01 
 3.27228774e+09 -1.58465148e+01  1.10661386e+01 
 3.34774581e+09 -1.58536290e+01  1.08199849e+01 
 3.42494392e+09 -1.58604370e+01  1.05789371e+01 
 3.50392221e+09 -1.58669516e+01  1.03429030e+01 
 3.58472171e+09 -1.58731850e+01  1.01117906e+01 
 3.66738442e+09 -1.58791490e+01  9.88550876e+00 
 3.75195331e+09 -1.58848548e+01  9.66396702e+00 
 3.83847234e+09 -1.58903134e+01  9.44707564e+00 
 3.92698648e+09 -1.58955350e+01  9.23474574e+00 
 4.01754173e+09 -1.59005299e+01  9.02688930e+00 
 4.11018515e+09 -1.59053075e+01  8.82341924e+00 
 4.20496491e+09 -1.59098771e+01  8.62424944e+00 
 4.30193027e+09 -1.59142475e+01  8.42929475e+00 
 4.40113162e+09 -1.59184273e+01  8.23847109e+00 
 4.50262052e+09 -1.59224246e+01  8.05169540e+00 
 4.60644974e+09 -1.59262472e+01  7.86888572e+00 
 4.71267322e+09 -1.59299026e+01  7.68996118e+00 
 4.82134619e+09 -1.59333980e+01  7.51484203e+00 
 4.93252513e+09 -1.59367403e+01  7.34344967e+00 
 5.04626783e+09 -1.59399360e+01  7.17570661e+00 
 5.16263340e+09 -1.59429915e+01  7.01153654e+00 
 5.28168234e+09 -1.59459129e+01  6.85086431e+00 
 5.40347650e+09 -1.59487060e+01  6.69361592e+00 
 5.52807921e+09 -1.59513763e+01  6.53971855e+00 
 5.65555523e+09 -1.59539292e+01  6.38910054e+00 
 5.78597080e+09 -1.59563697e+01  6.24169141e+00 
 5.91939372e+09 -1.59587028e+01  6.09742183e+00 
 6.05589334e+09 -1.59609331e+01  5.95622365e+00 
 6.19554061e+09 -1.59630652e+01  5.81802985e+00 
 6.33840810e+09 -1.59651033e+01  5.68277458e+00 
 6.48457008e+09 -1.59670515e+01  5.55039311e+00 
 6.63410251e+09 -1.59689137e+01  5.42082187e+00 
 6.78708313e+09 -1.59706938e+01  5.29399840e+00 
 6.94359143e+09 -1.59723953e+01  5.16986133e+00 
 7.10370877e+09 -1.59740216e+01  5.04835041e+00 
 7.26751838e+09 -1.59755761e+01  4.92940649e+00 
 7.43510539e+09 -1.59770620e+01  4.81297146e+00 
 7.60655691e+09 -1.59784821e+01  4.69898831e+00 
 7.78196206e+09 -1.59798395e+01  4.58740104e+00 
 7.96141200e+09 -1.59811369e+01  4.47815470e+00 
 8.14500001e+09 -1.59823770e+01  4.37119537e+00 
 8.33282151e+09 -1.59835622e+01  4.26647011e+00 
 8.52497412e+09 -1.59846950e+01  4.16392698e+00 
 8.72155772e+09 -1.59857777e+01  4.06351501e+00 
 8.92267449e+09 -1.59868126e+01  3.96518418e+00 
 9.12842895e+09 -1.59878017e+01  3.86888541e+00 
 9.33892805e+09 -1.59887470e+01  3.77457057e+00 
 9.55428121e+09 -1.59896505e+01  3.68219238e+00 
 9.77460036e+09 -1.59905142e+01  3.59170451e+00 
 1.00000000e+10 -1.59913396e+01  3.50306147e+00 
