 frequency       AmagdB          Aphdeg         
 1.00000000e+04  4.66788221e+01  1.78707872e+02 
 1.02305973e+04  4.66787195e+01  1.78678087e+02 
 1.04665121e+04  4.66786121e+01  1.78647615e+02 
 1.07078670e+04  4.66784997e+01  1.78616441e+02 
 1.09547876e+04  4.66783821e+01  1.78584549e+02 
 1.12074020e+04  4.66782590e+01  1.78551923e+02 
 1.14658417e+04  4.66781301e+01  1.78518545e+02 
 1.17302409e+04  4.66779953e+01  1.78484399e+02 
 1.20007371e+04  4.66778541e+01  1.78449467e+02 
 1.22774708e+04  4.66777064e+01  1.78413730e+02 
 1.25605860e+04  4.66775518e+01  1.78377170e+02 
 1.28502297e+04  4.66773900e+01  1.78339768e+02 
 1.31465525e+04  4.66772206e+01  1.78301506e+02 
 1.34497085e+04  4.66770434e+01  1.78262363e+02 
 1.37598551e+04  4.66768579e+01  1.78222319e+02 
 1.40771537e+04  4.66766637e+01  1.78181353e+02 
 1.44017690e+04  4.66764605e+01  1.78139444e+02 
 1.47338699e+04  4.66762478e+01  1.78096571e+02 
 1.50736290e+04  4.66760252e+01  1.78052712e+02 
 1.54212228e+04  4.66757923e+01  1.78007844e+02 
 1.57768320e+04  4.66755484e+01  1.77961943e+02 
 1.61406415e+04  4.66752933e+01  1.77914987e+02 
 1.65128404e+04  4.66750262e+01  1.77866951e+02 
 1.68936220e+04  4.66747467e+01  1.77817810e+02 
 1.72831844e+04  4.66744542e+01  1.77767539e+02 
 1.76817299e+04  4.66741480e+01  1.77716113e+02 
 1.80894658e+04  4.66738276e+01  1.77663504e+02 
 1.85066040e+04  4.66734923e+01  1.77609687e+02 
 1.89333613e+04  4.66731413e+01  1.77554632e+02 
 1.93699595e+04  4.66727740e+01  1.77498313e+02 
 1.98166255e+04  4.66723896e+01  1.77440700e+02 
 2.02735916e+04  4.66719873e+01  1.77381764e+02 
 2.07410951e+04  4.66715663e+01  1.77321475e+02 
 2.12193792e+04  4.66711257e+01  1.77259801e+02 
 2.17086923e+04  4.66706646e+01  1.77196712e+02 
 2.22092889e+04  4.66701820e+01  1.77132175e+02 
 2.27214291e+04  4.66696770e+01  1.77066157e+02 
 2.32453791e+04  4.66691485e+01  1.76998625e+02 
 2.37814113e+04  4.66685953e+01  1.76929545e+02 
 2.43298042e+04  4.66680165e+01  1.76858880e+02 
 2.48908429e+04  4.66674107e+01  1.76786596e+02 
 2.54648190e+04  4.66667768e+01  1.76712655e+02 
 2.60520309e+04  4.66661134e+01  1.76637021e+02 
 2.66527837e+04  4.66654191e+01  1.76559655e+02 
 2.72673897e+04  4.66646926e+01  1.76480517e+02 
 2.78961683e+04  4.66639323e+01  1.76399569e+02 
 2.85394464e+04  4.66631367e+01  1.76316768e+02 
 2.91975583e+04  4.66623041e+01  1.76232074e+02 
 2.98708461e+04  4.66614329e+01  1.76145444e+02 
 3.05596598e+04  4.66605212e+01  1.76056835e+02 
 3.12643573e+04  4.66595672e+01  1.75966202e+02 
 3.19853049e+04  4.66585688e+01  1.75873499e+02 
 3.27228774e+04  4.66575242e+01  1.75778681e+02 
 3.34774581e+04  4.66564311e+01  1.75681700e+02 
 3.42494392e+04  4.66552873e+01  1.75582509e+02 
 3.50392221e+04  4.66540905e+01  1.75481057e+02 
 3.58472171e+04  4.66528382e+01  1.75377295e+02 
 3.66738442e+04  4.66515278e+01  1.75271172e+02 
 3.75195331e+04  4.66501568e+01  1.75162635e+02 
 3.83847234e+04  4.66487222e+01  1.75051631e+02 
 3.92698648e+04  4.66472212e+01  1.74938106e+02 
 4.01754173e+04  4.66456508e+01  1.74822003e+02 
 4.11018515e+04  4.66440077e+01  1.74703267e+02 
 4.20496491e+04  4.66422886e+01  1.74581841e+02 
 4.30193027e+04  4.66404901e+01  1.74457664e+02 
 4.40113162e+04  4.66386084e+01  1.74330677e+02 
 4.50262052e+04  4.66366398e+01  1.74200820e+02 
 4.60644974e+04  4.66345804e+01  1.74068029e+02 
 4.71267322e+04  4.66324259e+01  1.73932242e+02 
 4.82134619e+04  4.66301721e+01  1.73793395e+02 
 4.93252513e+04  4.66278143e+01  1.73651421e+02 
 5.04626783e+04  4.66253480e+01  1.73506253e+02 
 5.16263340e+04  4.66227681e+01  1.73357824e+02 
 5.28168234e+04  4.66200694e+01  1.73206064e+02 
 5.40347650e+04  4.66172467e+01  1.73050903e+02 
 5.52807921e+04  4.66142943e+01  1.72892270e+02 
 5.65555523e+04  4.66112062e+01  1.72730091e+02 
 5.78597080e+04  4.66079765e+01  1.72564292e+02 
 5.91939372e+04  4.66045986e+01  1.72394799e+02 
 6.05589334e+04  4.66010660e+01  1.72221535e+02 
 6.19554061e+04  4.65973717e+01  1.72044423e+02 
 6.33840810e+04  4.65935084e+01  1.71863384e+02 
 6.48457008e+04  4.65894685e+01  1.71678338e+02 
 6.63410251e+04  4.65852442e+01  1.71489205e+02 
 6.78708313e+04  4.65808272e+01  1.71295902e+02 
 6.94359143e+04  4.65762089e+01  1.71098347e+02 
 7.10370877e+04  4.65713805e+01  1.70896456e+02 
 7.26751838e+04  4.65663326e+01  1.70690144e+02 
 7.43510539e+04  4.65610554e+01  1.70479324e+02 
 7.60655691e+04  4.65555389e+01  1.70263909e+02 
 7.78196206e+04  4.65497726e+01  1.70043813e+02 
 7.96141200e+04  4.65437454e+01  1.69818947e+02 
 8.14500001e+04  4.65374460e+01  1.69589220e+02 
 8.33282151e+04  4.65308625e+01  1.69354544e+02 
 8.52497412e+04  4.65239826e+01  1.69114827e+02 
 8.72155772e+04  4.65167933e+01  1.68869979e+02 
 8.92267449e+04  4.65092814e+01  1.68619907e+02 
 9.12842895e+04  4.65014330e+01  1.68364519e+02 
 9.33892805e+04  4.64932335e+01  1.68103723e+02 
 9.55428121e+04  4.64846681e+01  1.67837427e+02 
 9.77460036e+04  4.64757212e+01  1.67565538e+02 
 1.00000000e+05  4.64663766e+01  1.67287963e+02 
 1.02305973e+05  4.64566175e+01  1.67004609e+02 
 1.04665121e+05  4.64464266e+01  1.66715385e+02 
 1.07078670e+05  4.64357858e+01  1.66420199e+02 
 1.09547876e+05  4.64246765e+01  1.66118959e+02 
 1.12074020e+05  4.64130793e+01  1.65811576e+02 
 1.14658417e+05  4.64009741e+01  1.65497960e+02 
 1.17302409e+05  4.63883402e+01  1.65178022e+02 
 1.20007371e+05  4.63751562e+01  1.64851675e+02 
 1.22774708e+05  4.63613999e+01  1.64518835e+02 
 1.25605860e+05  4.63470484e+01  1.64179417e+02 
 1.28502297e+05  4.63320779e+01  1.63833340e+02 
 1.31465525e+05  4.63164642e+01  1.63480524e+02 
 1.34497085e+05  4.63001819e+01  1.63120893e+02 
 1.37598551e+05  4.62832052e+01  1.62754371e+02 
 1.40771537e+05  4.62655073e+01  1.62380888e+02 
 1.44017690e+05  4.62470607e+01  1.62000375e+02 
 1.47338699e+05  4.62278371e+01  1.61612768e+02 
 1.50736290e+05  4.62078075e+01  1.61218007e+02 
 1.54212228e+05  4.61869418e+01  1.60816036e+02 
 1.57768320e+05  4.61652097e+01  1.60406802e+02 
 1.61406415e+05  4.61425795e+01  1.59990260e+02 
 1.65128404e+05  4.61190193e+01  1.59566367e+02 
 1.68936220e+05  4.60944961e+01  1.59135087e+02 
 1.72831844e+05  4.60689763e+01  1.58696391e+02 
 1.76817299e+05  4.60424256e+01  1.58250254e+02 
 1.80894658e+05  4.60148091e+01  1.57796660e+02 
 1.85066040e+05  4.59860911e+01  1.57335600e+02 
 1.89333613e+05  4.59562354e+01  1.56867069e+02 
 1.93699595e+05  4.59252052e+01  1.56391075e+02 
 1.98166255e+05  4.58929631e+01  1.55907629e+02 
 2.02735916e+05  4.58594713e+01  1.55416755e+02 
 2.07410951e+05  4.58246915e+01  1.54918484e+02 
 2.12193792e+05  4.57885851e+01  1.54412855e+02 
 2.17086923e+05  4.57511131e+01  1.53899919e+02 
 2.22092889e+05  4.57122362e+01  1.53379735e+02 
 2.27214291e+05  4.56719149e+01  1.52852374e+02 
 2.32453791e+05  4.56301098e+01  1.52317916e+02 
 2.37814113e+05  4.55867813e+01  1.51776452e+02 
 2.43298042e+05  4.55418897e+01  1.51228085e+02 
 2.48908429e+05  4.54953956e+01  1.50672928e+02 
 2.54648190e+05  4.54472598e+01  1.50111107e+02 
 2.60520309e+05  4.53974434e+01  1.49542759e+02 
 2.66527837e+05  4.53459079e+01  1.48968030e+02 
 2.72673897e+05  4.52926154e+01  1.48387083e+02 
 2.78961683e+05  4.52375283e+01  1.47800087e+02 
 2.85394464e+05  4.51806101e+01  1.47207228e+02 
 2.91975583e+05  4.51218250e+01  1.46608700e+02 
 2.98708461e+05  4.50611380e+01  1.46004711e+02 
 3.05596598e+05  4.49985152e+01  1.45395477e+02 
 3.12643573e+05  4.49339241e+01  1.44781230e+02 
 3.19853049e+05  4.48673331e+01  1.44162208e+02 
 3.27228774e+05  4.47987122e+01  1.43538664e+02 
 3.34774581e+05  4.47280327e+01  1.42910858e+02 
 3.42494392e+05  4.46552676e+01  1.42279060e+02 
 3.50392221e+05  4.45803917e+01  1.41643552e+02 
 3.58472171e+05  4.45033813e+01  1.41004622e+02 
 3.66738442e+05  4.44242146e+01  1.40362568e+02 
 3.75195331e+05  4.43428719e+01  1.39717693e+02 
 3.83847234e+05  4.42593354e+01  1.39070309e+02 
 3.92698648e+05  4.41735895e+01  1.38420734e+02 
 4.01754173e+05  4.40856205e+01  1.37769291e+02 
 4.11018515e+05  4.39954173e+01  1.37116308e+02 
 4.20496491e+05  4.39029706e+01  1.36462115e+02 
 4.30193027e+05  4.38082737e+01  1.35807048e+02 
 4.40113162e+05  4.37113221e+01  1.35151442e+02 
 4.50262052e+05  4.36121138e+01  1.34495635e+02 
 4.60644974e+05  4.35106488e+01  1.33839965e+02 
 4.71267322e+05  4.34069298e+01  1.33184769e+02 
 4.82134619e+05  4.33009617e+01  1.32530384e+02 
 4.93252513e+05  4.31927515e+01  1.31877143e+02 
 5.04626783e+05  4.30823089e+01  1.31225377e+02 
 5.16263340e+05  4.29696455e+01  1.30575411e+02 
 5.28168234e+05  4.28547753e+01  1.29927568e+02 
 5.40347650e+05  4.27377142e+01  1.29282164e+02 
 5.52807921e+05  4.26184805e+01  1.28639508e+02 
 5.65555523e+05  4.24970943e+01  1.27999904e+02 
 5.78597080e+05  4.23735776e+01  1.27363646e+02 
 5.91939372e+05  4.22479544e+01  1.26731022e+02 
 6.05589334e+05  4.21202502e+01  1.26102308e+02 
 6.19554061e+05  4.19904925e+01  1.25477773e+02 
 6.33840810e+05  4.18587100e+01  1.24857676e+02 
 6.48457008e+05  4.17249332e+01  1.24242265e+02 
 6.63410251e+05  4.15891936e+01  1.23631777e+02 
 6.78708313e+05  4.14515243e+01  1.23026439e+02 
 6.94359143e+05  4.13119592e+01  1.22426464e+02 
 7.10370877e+05  4.11705334e+01  1.21832058e+02 
 7.26751838e+05  4.10272829e+01  1.21243412e+02 
 7.43510539e+05  4.08822445e+01  1.20660706e+02 
 7.60655691e+05  4.07354557e+01  1.20084108e+02 
 7.78196206e+05  4.05869546e+01  1.19513776e+02 
 7.96141200e+05  4.04367797e+01  1.18949852e+02 
 8.14500001e+05  4.02849701e+01  1.18392471e+02 
 8.33282151e+05  4.01315650e+01  1.17841753e+02 
 8.52497412e+05  3.99766039e+01  1.17297809e+02 
 8.72155772e+05  3.98201263e+01  1.16760737e+02 
 8.92267449e+05  3.96621719e+01  1.16230624e+02 
 9.12842895e+05  3.95027802e+01  1.15707547e+02 
 9.33892805e+05  3.93419906e+01  1.15191573e+02 
 9.55428121e+05  3.91798423e+01  1.14682756e+02 
 9.77460036e+05  3.90163744e+01  1.14181143e+02 
 1.00000000e+06  3.88516252e+01  1.13686770e+02 
 1.02305973e+06  3.86856332e+01  1.13199663e+02 
 1.04665121e+06  3.85184360e+01  1.12719842e+02 
 1.07078670e+06  3.83500709e+01  1.12247315e+02 
 1.09547876e+06  3.81805746e+01  1.11782083e+02 
 1.12074020e+06  3.80099832e+01  1.11324140e+02 
 1.14658417e+06  3.78383323e+01  1.10873471e+02 
 1.17302409e+06  3.76656567e+01  1.10430056e+02 
 1.20007371e+06  3.74919906e+01  1.09993867e+02 
 1.22774708e+06  3.73173674e+01  1.09564868e+02 
 1.25605860e+06  3.71418201e+01  1.09143021e+02 
 1.28502297e+06  3.69653804e+01  1.08728278e+02 
 1.31465525e+06  3.67880798e+01  1.08320589e+02 
 1.34497085e+06  3.66099487e+01  1.07919898e+02 
 1.37598551e+06  3.64310169e+01  1.07526143e+02 
 1.40771537e+06  3.62513132e+01  1.07139260e+02 
 1.44017690e+06  3.60708659e+01  1.06759180e+02 
 1.47338699e+06  3.58897024e+01  1.06385830e+02 
 1.50736290e+06  3.57078492e+01  1.06019134e+02 
 1.54212228e+06  3.55253322e+01  1.05659013e+02 
 1.57768320e+06  3.53421764e+01  1.05305385e+02 
 1.61406415e+06  3.51584061e+01  1.04958166e+02 
 1.65128404e+06  3.49740449e+01  1.04617269e+02 
 1.68936220e+06  3.47891156e+01  1.04282604e+02 
 1.72831844e+06  3.46036402e+01  1.03954082e+02 
 1.76817299e+06  3.44176400e+01  1.03631611e+02 
 1.80894658e+06  3.42311357e+01  1.03315095e+02 
 1.85066040e+06  3.40441473e+01  1.03004442e+02 
 1.89333613e+06  3.38566939e+01  1.02699553e+02 
 1.93699595e+06  3.36687942e+01  1.02400334e+02 
 1.98166255e+06  3.34804660e+01  1.02106686e+02 
 2.02735916e+06  3.32917267e+01  1.01818510e+02 
 2.07410951e+06  3.31025930e+01  1.01535710e+02 
 2.12193792e+06  3.29130808e+01  1.01258185e+02 
 2.17086923e+06  3.27232057e+01  1.00985837e+02 
 2.22092889e+06  3.25329826e+01  1.00718566e+02 
 2.27214291e+06  3.23424259e+01  1.00456274e+02 
 2.32453791e+06  3.21515493e+01  1.00198862e+02 
 2.37814113e+06  3.19603661e+01  9.99462305e+01 
 2.43298042e+06  3.17688891e+01  9.96982821e+01 
 2.48908429e+06  3.15771306e+01  9.94549187e+01 
 2.54648190e+06  3.13851025e+01  9.92160427e+01 
 2.60520309e+06  3.11928160e+01  9.89815573e+01 
 2.66527837e+06  3.10002821e+01  9.87513661e+01 
 2.72673897e+06  3.08075113e+01  9.85253734e+01 
 2.78961683e+06  3.06145135e+01  9.83034841e+01 
 2.85394464e+06  3.04212986e+01  9.80856041e+01 
 2.91975583e+06  3.02278758e+01  9.78716397e+01 
 2.98708461e+06  3.00342539e+01  9.76614983e+01 
 3.05596598e+06  2.98404415e+01  9.74550879e+01 
 3.12643573e+06  2.96464469e+01  9.72523174e+01 
 3.19853049e+06  2.94522778e+01  9.70530966e+01 
 3.27228774e+06  2.92579419e+01  9.68573363e+01 
 3.34774581e+06  2.90634464e+01  9.66649479e+01 
 3.42494392e+06  2.88687982e+01  9.64758439e+01 
 3.50392221e+06  2.86740040e+01  9.62899377e+01 
 3.58472171e+06  2.84790702e+01  9.61071437e+01 
 3.66738442e+06  2.82840029e+01  9.59273770e+01 
 3.75195331e+06  2.80888080e+01  9.57505537e+01 
 3.83847234e+06  2.78934911e+01  9.55765910e+01 
 3.92698648e+06  2.76980575e+01  9.54054067e+01 
 4.01754173e+06  2.75025126e+01  9.52369198e+01 
 4.11018515e+06  2.73068612e+01  9.50710500e+01 
 4.20496491e+06  2.71111080e+01  9.49077180e+01 
 4.30193027e+06  2.69152577e+01  9.47468453e+01 
 4.40113162e+06  2.67193147e+01  9.45883543e+01 
 4.50262052e+06  2.65232830e+01  9.44321682e+01 
 4.60644974e+06  2.63271667e+01  9.42782112e+01 
 4.71267322e+06  2.61309697e+01  9.41264082e+01 
 4.82134619e+06  2.59346956e+01  9.39766848e+01 
 4.93252513e+06  2.57383480e+01  9.38289676e+01 
 5.04626783e+06  2.55419304e+01  9.36831838e+01 
 5.16263340e+06  2.53454458e+01  9.35392614e+01 
 5.28168234e+06  2.51488975e+01  9.33971292e+01 
 5.40347650e+06  2.49522885e+01  9.32567166e+01 
 5.52807921e+06  2.47556216e+01  9.31179537e+01 
 5.65555523e+06  2.45588996e+01  9.29807713e+01 
 5.78597080e+06  2.43621251e+01  9.28451008e+01 
 5.91939372e+06  2.41653007e+01  9.27108743e+01 
 6.05589334e+06  2.39684289e+01  9.25780243e+01 
 6.19554061e+06  2.37715119e+01  9.24464841e+01 
 6.33840810e+06  2.35745521e+01  9.23161874e+01 
 6.48457008e+06  2.33775516e+01  9.21870684e+01 
 6.63410251e+06  2.31805125e+01  9.20590620e+01 
 6.78708313e+06  2.29834368e+01  9.19321032e+01 
 6.94359143e+06  2.27863264e+01  9.18061277e+01 
 7.10370877e+06  2.25891833e+01  9.16810716e+01 
 7.26751838e+06  2.23920093e+01  9.15568714e+01 
 7.43510539e+06  2.21948060e+01  9.14334639e+01 
 7.60655691e+06  2.19975751e+01  9.13107861e+01 
 7.78196206e+06  2.18003183e+01  9.11887757e+01 
 7.96141200e+06  2.16030372e+01  9.10673702e+01 
 8.14500001e+06  2.14057333e+01  9.09465078e+01 
 8.33282151e+06  2.12084080e+01  9.08261265e+01 
 8.52497412e+06  2.10110627e+01  9.07061650e+01 
 8.72155772e+06  2.08136990e+01  9.05865616e+01 
 8.92267449e+06  2.06163181e+01  9.04672553e+01 
 9.12842895e+06  2.04189213e+01  9.03481848e+01 
 9.33892805e+06  2.02215099e+01  9.02292890e+01 
 9.55428121e+06  2.00240853e+01  9.01105071e+01 
 9.77460036e+06  1.98266486e+01  8.99917780e+01 
 1.00000000e+07  1.96292010e+01  8.98730409e+01 
 1.02305973e+07  1.94317437e+01  8.97542346e+01 
 1.04665121e+07  1.92342778e+01  8.96352983e+01 
 1.07078670e+07  1.90368046e+01  8.95161707e+01 
 1.09547876e+07  1.88393252e+01  8.93967908e+01 
 1.12074020e+07  1.86418406e+01  8.92770971e+01 
 1.14658417e+07  1.84443520e+01  8.91570282e+01 
 1.17302409e+07  1.82468605e+01  8.90365223e+01 
 1.20007371e+07  1.80493671e+01  8.89155176e+01 
 1.22774708e+07  1.78518730e+01  8.87939518e+01 
 1.25605860e+07  1.76543792e+01  8.86717626e+01 
 1.28502297e+07  1.74568869e+01  8.85488871e+01 
 1.31465525e+07  1.72593971e+01  8.84252623e+01 
 1.34497085e+07  1.70619109e+01  8.83008246e+01 
 1.37598551e+07  1.68644294e+01  8.81755103e+01 
 1.40771537e+07  1.66669538e+01  8.80492551e+01 
 1.44017690e+07  1.64694851e+01  8.79219942e+01 
 1.47338699e+07  1.62720245e+01  8.77936623e+01 
 1.50736290e+07  1.60745732e+01  8.76641939e+01 
 1.54212228e+07  1.58771323e+01  8.75335225e+01 
 1.57768320e+07  1.56797030e+01  8.74015813e+01 
 1.61406415e+07  1.54822865e+01  8.72683029e+01 
 1.65128404e+07  1.52848841e+01  8.71336192e+01 
 1.68936220e+07  1.50874970e+01  8.69974614e+01 
 1.72831844e+07  1.48901266e+01  8.68597601e+01 
 1.76817299e+07  1.46927742e+01  8.67204451e+01 
 1.80894658e+07  1.44954411e+01  8.65794454e+01 
 1.85066040e+07  1.42981288e+01  8.64366894e+01 
 1.89333613e+07  1.41008388e+01  8.62921046e+01 
 1.93699595e+07  1.39035724e+01  8.61456176e+01 
 1.98166255e+07  1.37063313e+01  8.59971541e+01 
 2.02735916e+07  1.35091171e+01  8.58466391e+01 
 2.07410951e+07  1.33119313e+01  8.56939963e+01 
 2.12193792e+07  1.31147758e+01  8.55391489e+01 
 2.17086923e+07  1.29176522e+01  8.53820188e+01 
 2.22092889e+07  1.27205624e+01  8.52225269e+01 
 2.27214291e+07  1.25235084e+01  8.50605931e+01 
 2.32453791e+07  1.23264920e+01  8.48961363e+01 
 2.37814113e+07  1.21295153e+01  8.47290742e+01 
 2.43298042e+07  1.19325804e+01  8.45593233e+01 
 2.48908429e+07  1.17356895e+01  8.43867991e+01 
 2.54648190e+07  1.15388449e+01  8.42114157e+01 
 2.60520309e+07  1.13420491e+01  8.40330863e+01 
 2.66527837e+07  1.11453044e+01  8.38517225e+01 
 2.72673897e+07  1.09486134e+01  8.36672349e+01 
 2.78961683e+07  1.07519788e+01  8.34795325e+01 
 2.85394464e+07  1.05554034e+01  8.32885234e+01 
 2.91975583e+07  1.03588901e+01  8.30941141e+01 
 2.98708461e+07  1.01624420e+01  8.28962096e+01 
 3.05596598e+07  9.96606205e+00  8.26947138e+01 
 3.12643573e+07  9.76975367e+00  8.24895290e+01 
 3.19853049e+07  9.57352023e+00  8.22805562e+01 
 3.27228774e+07  9.37736528e+00  8.20676948e+01 
 3.34774581e+07  9.18129253e+00  8.18508430e+01 
 3.42494392e+07  8.98530584e+00  8.16298971e+01 
 3.50392221e+07  8.78940921e+00  8.14047524e+01 
 3.58472171e+07  8.59360683e+00  8.11753023e+01 
 3.66738442e+07  8.39790305e+00  8.09414390e+01 
 3.75195331e+07  8.20230243e+00  8.07030529e+01 
 3.83847234e+07  8.00680968e+00  8.04600330e+01 
 3.92698648e+07  7.81142972e+00  8.02122668e+01 
 4.01754173e+07  7.61616769e+00  7.99596404e+01 
 4.11018515e+07  7.42102893e+00  7.97020380e+01 
 4.20496491e+07  7.22601899e+00  7.94393427e+01 
 4.30193027e+07  7.03114367e+00  7.91714359e+01 
 4.40113162e+07  6.83640897e+00  7.88981975e+01 
 4.50262052e+07  6.64182118e+00  7.86195060e+01 
 4.60644974e+07  6.44738682e+00  7.83352384e+01 
 4.71267322e+07  6.25311266e+00  7.80452703e+01 
 4.82134619e+07  6.05900576e+00  7.77494759e+01 
 4.93252513e+07  5.86507347e+00  7.74477281e+01 
 5.04626783e+07  5.67132340e+00  7.71398984e+01 
 5.16263340e+07  5.47776347e+00  7.68258571e+01 
 5.28168234e+07  5.28440194e+00  7.65054734e+01 
 5.40347650e+07  5.09124733e+00  7.61786151e+01 
 5.52807921e+07  4.89830854e+00  7.58451492e+01 
 5.65555523e+07  4.70559477e+00  7.55049415e+01 
 5.78597080e+07  4.51311559e+00  7.51578569e+01 
 5.91939372e+07  4.32088091e+00  7.48037597e+01 
 6.05589334e+07  4.12890101e+00  7.44425132e+01 
 6.19554061e+07  3.93718654e+00  7.40739802e+01 
 6.33840810e+07  3.74574854e+00  7.36980231e+01 
 6.48457008e+07  3.55459843e+00  7.33145037e+01 
 6.63410251e+07  3.36374803e+00  7.29232839e+01 
 6.78708313e+07  3.17320957e+00  7.25242253e+01 
 6.94359143e+07  2.98299568e+00  7.21171897e+01 
 7.10370877e+07  2.79311942e+00  7.17020390e+01 
 7.26751838e+07  2.60359427e+00  7.12786359e+01 
 7.43510539e+07  2.41443413e+00  7.08468433e+01 
 7.60655691e+07  2.22565334e+00  7.04065253e+01 
 7.78196206e+07  2.03726669e+00  6.99575471e+01 
 7.96141200e+07  1.84928937e+00  6.94997752e+01 
 8.14500001e+07  1.66173705e+00  6.90330775e+01 
 8.33282151e+07  1.47462581e+00  6.85573240e+01 
 8.52497412e+07  1.28797217e+00  6.80723869e+01 
 8.72155772e+07  1.10179309e+00  6.75781407e+01 
 8.92267449e+07  9.16105933e-01  6.70744628e+01 
 9.12842895e+07  7.30928510e-01  6.65612336e+01 
 9.33892805e+07  5.46279020e-01  6.60383372e+01 
 9.55428121e+07  3.62176065e-01  6.55056613e+01 
 9.77460036e+07  1.78638629e-01  6.49630981e+01 
 1.00000000e+08 -4.31393811e-03  6.44105441e+01 
 1.02305973e+08 -1.86661941e-01  6.38479011e+01 
 1.04665121e+08 -3.68385360e-01  6.32750764e+01 
 1.07078670e+08 -5.49463875e-01  6.26919830e+01 
 1.09547876e+08 -7.29876897e-01  6.20985406e+01 
 1.12074020e+08 -9.09603599e-01  6.14946755e+01 
 1.14658417e+08 -1.08862295e+00  6.08803216e+01 
 1.17302409e+08 -1.26691375e+00  6.02554205e+01 
 1.20007371e+08 -1.44445468e+00  5.96199223e+01 
 1.22774708e+08 -1.62122435e+00  5.89737859e+01 
 1.25605860e+08 -1.79720134e+00  5.83169797e+01 
 1.28502297e+08 -1.97236425e+00  5.76494822e+01 
 1.31465525e+08 -2.14669179e+00  5.69712822e+01 
 1.34497085e+08 -2.32016279e+00  5.62823798e+01 
 1.37598551e+08 -2.49275632e+00  5.55827865e+01 
 1.40771537e+08 -2.66445172e+00  5.48725261e+01 
 1.44017690e+08 -2.83522870e+00  5.41516353e+01 
 1.47338699e+08 -3.00506740e+00  5.34201636e+01 
 1.50736290e+08 -3.17394847e+00  5.26781749e+01 
 1.54212228e+08 -3.34185319e+00  5.19257468e+01 
 1.57768320e+08 -3.50876350e+00  5.11629722e+01 
 1.61406415e+08 -3.67466214e+00  5.03899591e+01 
 1.65128404e+08 -3.83953270e+00  4.96068313e+01 
 1.68936220e+08 -4.00335978e+00  4.88137288e+01 
 1.72831844e+08 -4.16612899e+00  4.80108084e+01 
 1.76817299e+08 -4.32782713e+00  4.71982438e+01 
 1.80894658e+08 -4.48844226e+00  4.63762261e+01 
 1.85066040e+08 -4.64796377e+00  4.55449644e+01 
 1.89333613e+08 -4.80638251e+00  4.47046855e+01 
 1.93699595e+08 -4.96369086e+00  4.38556347e+01 
 1.98166255e+08 -5.11988284e+00  4.29980758e+01 
 2.02735916e+08 -5.27495417e+00  4.21322911e+01 
 2.07410951e+08 -5.42890237e+00  4.12585819e+01 
 2.12193792e+08 -5.58172686e+00  4.03772682e+01 
 2.17086923e+08 -5.73342895e+00  3.94886891e+01 
 2.22092889e+08 -5.88401199e+00  3.85932024e+01 
 2.27214291e+08 -6.03348139e+00  3.76911849e+01 
 2.32453791e+08 -6.18184464e+00  3.67830318e+01 
 2.37814113e+08 -6.32911139e+00  3.58691572e+01 
 2.43298042e+08 -6.47529343e+00  3.49499932e+01 
 2.48908429e+08 -6.62040475e+00  3.40259902e+01 
 2.54648190e+08 -6.76446147e+00  3.30976160e+01 
 2.60520309e+08 -6.90748191e+00  3.21653561e+01 
 2.66527837e+08 -7.04948648e+00  3.12297128e+01 
 2.72673897e+08 -7.19049771e+00  3.02912047e+01 
 2.78961683e+08 -7.33054014e+00  2.93503668e+01 
 2.85394464e+08 -7.46964025e+00  2.84077493e+01 
 2.91975583e+08 -7.60782641e+00  2.74639173e+01 
 2.98708461e+08 -7.74512874e+00  2.65194503e+01 
 3.05596598e+08 -7.88157901e+00  2.55749413e+01 
 3.12643573e+08 -8.01721049e+00  2.46309964e+01 
 3.19853049e+08 -8.15205779e+00  2.36882339e+01 
 3.27228774e+08 -8.28615675e+00  2.27472835e+01 
 3.34774581e+08 -8.41954418e+00  2.18087858e+01 
 3.42494392e+08 -8.55225775e+00  2.08733913e+01 
 3.50392221e+08 -8.68433571e+00  1.99417596e+01 
 3.58472171e+08 -8.81581673e+00  1.90145588e+01 
 3.66738442e+08 -8.94673965e+00  1.80924642e+01 
 3.75195331e+08 -9.07714323e+00  1.71761578e+01 
 3.83847234e+08 -9.20706594e+00  1.62663274e+01 
 3.92698648e+08 -9.33654567e+00  1.53636654e+01 
 4.01754173e+08 -9.46561949e+00  1.44688680e+01 
 4.11018515e+08 -9.59432340e+00  1.35826344e+01 
 4.20496491e+08 -9.72269202e+00  1.27056655e+01 
 4.30193027e+08 -9.85075839e+00  1.18386632e+01 
 4.40113162e+08 -9.97855363e+00  1.09823292e+01 
 4.50262052e+08 -1.01061067e+01  1.01373640e+01 
 4.60644974e+08 -1.02334443e+01  9.30446578e+00 
 4.71267322e+08 -1.03605902e+01  8.48432926e+00 
 4.82134619e+08 -1.04875653e+01  7.67764473e+00 
 4.93252513e+08 -1.06143876e+01  6.88509675e+00 
 5.04626783e+08 -1.07410713e+01  6.10736298e+00 
 5.16263340e+08 -1.08676272e+01  5.34511299e+00 
 5.28168234e+08 -1.09940621e+01  4.59900694e+00 
 5.40347650e+08 -1.11203788e+01  3.86969435e+00 
 5.52807921e+08 -1.12465759e+01  3.15781269e+00 
 5.65555523e+08 -1.13726473e+01  2.46398608e+00 
 5.78597080e+08 -1.14985826e+01  1.78882379e+00 
 5.91939372e+08 -1.16243663e+01  1.13291884e+00 
 6.05589334e+08 -1.17499781e+01  4.96846427e-01 
 6.19554061e+08 -1.18753928e+01 -1.18837579e-01 
 6.33840810e+08 -1.20005800e+01 -7.13598296e-01 
 6.48457008e+08 -1.21255039e+01 -1.28692348e+00 
 6.63410251e+08 -1.22501237e+01 -1.83832524e+00 
 6.78708313e+08 -1.23743931e+01 -2.36734182e+00 
 6.94359143e+08 -1.24982605e+01 -2.87353945e+00 
 7.10370877e+08 -1.26216690e+01 -3.35651418e+00 
 7.26751838e+08 -1.27445564e+01 -3.81589389e+00 
 7.43510539e+08 -1.28668553e+01 -4.25134022e+00 
 7.60655691e+08 -1.29884932e+01 -4.66255062e+00 
 7.78196206e+08 -1.31093924e+01 -5.04926043e+00 
 7.96141200e+08 -1.32294706e+01 -5.41124498e+00 
 8.14500001e+08 -1.33486406e+01 -5.74832175e+00 
 8.33282151e+08 -1.34668110e+01 -6.06035244e+00 
 8.52497412e+08 -1.35838859e+01 -6.34724514e+00 
 8.72155772e+08 -1.36997659e+01 -6.60895645e+00 
 8.92267449e+08 -1.38143476e+01 -6.84549350e+00 
 9.12842895e+08 -1.39275249e+01 -7.05691598e+00 
 9.33892805e+08 -1.40391888e+01 -7.24333798e+00 
 9.55428121e+08 -1.41492280e+01 -7.40492980e+00 
 9.77460036e+08 -1.42575296e+01 -7.54191951e+00 
 1.00000000e+09 -1.43639793e+01 -7.65459440e+00 
 1.02305973e+09 -1.44684627e+01 -7.74330208e+00 
 1.04665121e+09 -1.45708650e+01 -7.80845142e+00 
 1.07078670e+09 -1.46710724e+01 -7.85051308e+00 
 1.09547876e+09 -1.47689728e+01 -7.87001974e+00 
 1.12074020e+09 -1.48644559e+01 -7.86756590e+00 
 1.14658417e+09 -1.49574148e+01 -7.84380730e+00 
 1.17302409e+09 -1.50477462e+01 -7.79945973e+00 
 1.20007371e+09 -1.51353515e+01 -7.73529756e+00 
 1.22774708e+09 -1.52201373e+01 -7.65215152e+00 
 1.25605860e+09 -1.53020166e+01 -7.55090612e+00 
 1.28502297e+09 -1.53809092e+01 -7.43249644e+00 
 1.31465525e+09 -1.54567425e+01 -7.29790439e+00 
 1.34497085e+09 -1.55294524e+01 -7.14815448e+00 
 1.37598551e+09 -1.55989836e+01 -6.98430902e+00 
 1.40771537e+09 -1.56652905e+01 -6.80746291e+00 
 1.44017690e+09 -1.57283375e+01 -6.61873802e+00 
 1.47338699e+09 -1.57880992e+01 -6.41927712e+00 
 1.50736290e+09 -1.58445612e+01 -6.21023761e+00 
 1.54212228e+09 -1.58977200e+01 -5.99278498e+00 
 1.57768320e+09 -1.59475833e+01 -5.76808610e+00 
 1.61406415e+09 -1.59941696e+01 -5.53730253e+00 
 1.65128404e+09 -1.60375087e+01 -5.30158376e+00 
 1.68936220e+09 -1.60776410e+01 -5.06206066e+00 
 1.72831844e+09 -1.61146174e+01 -4.81983908e+00 
 1.76817299e+09 -1.61484989e+01 -4.57599377e+00 
 1.80894658e+09 -1.61793562e+01 -4.33156265e+00 
 1.85066040e+09 -1.62072687e+01 -4.08754149e+00 
 1.89333613e+09 -1.62323245e+01 -3.84487916e+00 
 1.93699595e+09 -1.62546189e+01 -3.60447336e+00 
 1.98166255e+09 -1.62742545e+01 -3.36716690e+00 
 2.02735916e+09 -1.62913395e+01 -3.13374473e+00 
 2.07410951e+09 -1.63059877e+01 -2.90493139e+00 
 2.12193792e+09 -1.63183168e+01 -2.68138926e+00 
 2.17086923e+09 -1.63284485e+01 -2.46371735e+00 
 2.22092889e+09 -1.63365066e+01 -2.25245065e+00 
 2.27214291e+09 -1.63426172e+01 -2.04806015e+00 
 2.32453791e+09 -1.63469069e+01 -1.85095329e+00 
 2.37814113e+09 -1.63495028e+01 -1.66147501e+00 
 2.43298042e+09 -1.63505314e+01 -1.47990916e+00 
 2.48908429e+09 -1.63501179e+01 -1.30648038e+00 
 2.54648190e+09 -1.63483858e+01 -1.14135629e+00 
 2.60520309e+09 -1.63454559e+01 -9.84650021e-01 
 2.66527837e+09 -1.63414461e+01 -8.36422974e-01 
 2.72673897e+09 -1.63364709e+01 -6.96687781e-01 
 2.78961683e+09 -1.63306409e+01 -5.65411441e-01 
 2.85394464e+09 -1.63240623e+01 -4.42518550e-01 
 2.91975583e+09 -1.63168367e+01 -3.27894620e-01 
 2.98708461e+09 -1.63090612e+01 -2.21389416e-01 
 3.05596598e+09 -1.63008275e+01 -1.22820304e-01 
 3.12643573e+09 -1.62922222e+01 -3.19755703e-02 
 3.19853049e+09 -1.62833266e+01  5.13823181e-02 
 3.27228774e+09 -1.62742168e+01  1.27513526e-01 
 3.34774581e+09 -1.62649631e+01  1.96697759e-01 
 3.42494392e+09 -1.62556307e+01  2.59231279e-01 
 3.50392221e+09 -1.62462793e+01  3.15424043e-01 
 3.58472171e+09 -1.62369632e+01  3.65596973e-01 
 3.66738442e+09 -1.62277315e+01  4.10079360e-01 
 3.75195331e+09 -1.62186282e+01  4.49206408e-01 
 3.83847234e+09 -1.62096922e+01  4.83316928e-01 
 3.92698648e+09 -1.62009575e+01  5.12751164e-01 
 4.01754173e+09 -1.61924537e+01  5.37848774e-01 
 4.11018515e+09 -1.61842054e+01  5.58946943e-01 
 4.20496491e+09 -1.61762331e+01  5.76378639e-01 
 4.30193027e+09 -1.61685531e+01  5.90471008e-01 
 4.40113162e+09 -1.61611777e+01  6.01543888e-01 
 4.50262052e+09 -1.61541155e+01  6.09908470e-01 
 4.60644974e+09 -1.61473715e+01  6.15866063e-01 
 4.71267322e+09 -1.61409472e+01  6.19706993e-01 
 4.82134619e+09 -1.61348413e+01  6.21709611e-01 
 4.93252513e+09 -1.61290492e+01  6.22139413e-01 
 5.04626783e+09 -1.61235640e+01  6.21248270e-01 
 5.16263340e+09 -1.61183760e+01  6.19273759e-01 
 5.28168234e+09 -1.61134734e+01  6.16438597e-01 
 5.40347650e+09 -1.61088422e+01  6.12950171e-01 
 5.52807921e+09 -1.61044667e+01  6.09000161e-01 
 5.65555523e+09 -1.61003296e+01  6.04764257e-01 
 5.78597080e+09 -1.60964120e+01  6.00401959e-01 
 5.91939372e+09 -1.60926940e+01  5.96056467e-01 
 6.05589334e+09 -1.60891544e+01  5.91854649e-01 
 6.19554061e+09 -1.60857715e+01  5.87907088e-01 
 6.33840810e+09 -1.60825228e+01  5.84308210e-01 
 6.48457008e+09 -1.60793851e+01  5.81136474e-01 
 6.63410251e+09 -1.60763354e+01  5.78454640e-01 
 6.78708313e+09 -1.60733503e+01  5.76310097e-01 
 6.94359143e+09 -1.60704064e+01  5.74735258e-01 
 7.10370877e+09 -1.60674806e+01  5.73748003e-01 
 7.26751838e+09 -1.60645502e+01  5.73352183e-01 
 7.43510539e+09 -1.60615928e+01  5.73538169e-01 
 7.60655691e+09 -1.60585868e+01  5.74283444e-01 
 7.78196206e+09 -1.60555112e+01  5.75553240e-01 
 7.96141200e+09 -1.60523459e+01  5.77301195e-01 
 8.14500001e+09 -1.60490717e+01  5.79470057e-01 
 8.33282151e+09 -1.60456704e+01  5.81992398e-01 
 8.52497412e+09 -1.60421250e+01  5.84791350e-01 
 8.72155772e+09 -1.60384195e+01  5.87781358e-01 
 8.92267449e+09 -1.60345392e+01  5.90868938e-01 
 9.12842895e+09 -1.60304707e+01  5.93953438e-01 
 9.33892805e+09 -1.60262019e+01  5.96927801e-01 
 9.55428121e+09 -1.60217222e+01  5.99679323e-01 
 9.77460036e+09 -1.60170220e+01  6.02090395e-01 
 1.00000000e+10 -1.60120935e+01  6.04039237e-01 
