 frequency       AmagdB          Aphdeg         
 1.00000000e+04  4.66789917e+01  1.78759135e+02 
 1.02305973e+04  4.66788971e+01  1.78730531e+02 
 1.04665121e+04  4.66787980e+01  1.78701267e+02 
 1.07078670e+04  4.66786943e+01  1.78671329e+02 
 1.09547876e+04  4.66785858e+01  1.78640701e+02 
 1.12074020e+04  4.66784722e+01  1.78609368e+02 
 1.14658417e+04  4.66783533e+01  1.78577314e+02 
 1.17302409e+04  4.66782289e+01  1.78544521e+02 
 1.20007371e+04  4.66780986e+01  1.78510973e+02 
 1.22774708e+04  4.66779623e+01  1.78476652e+02 
 1.25605860e+04  4.66778197e+01  1.78441541e+02 
 1.28502297e+04  4.66776704e+01  1.78405622e+02 
 1.31465525e+04  4.66775141e+01  1.78368875e+02 
 1.34497085e+04  4.66773506e+01  1.78331283e+02 
 1.37598551e+04  4.66771794e+01  1.78292825e+02 
 1.40771537e+04  4.66770002e+01  1.78253482e+02 
 1.44017690e+04  4.66768127e+01  1.78213234e+02 
 1.47338699e+04  4.66766165e+01  1.78172059e+02 
 1.50736290e+04  4.66764111e+01  1.78129936e+02 
 1.54212228e+04  4.66761962e+01  1.78086845e+02 
 1.57768320e+04  4.66759712e+01  1.78042762e+02 
 1.61406415e+04  4.66757357e+01  1.77997664e+02 
 1.65128404e+04  4.66754893e+01  1.77951530e+02 
 1.68936220e+04  4.66752314e+01  1.77904334e+02 
 1.72831844e+04  4.66749615e+01  1.77856053e+02 
 1.76817299e+04  4.66746790e+01  1.77806661e+02 
 1.80894658e+04  4.66743833e+01  1.77756135e+02 
 1.85066040e+04  4.66740739e+01  1.77704446e+02 
 1.89333613e+04  4.66737501e+01  1.77651569e+02 
 1.93699595e+04  4.66734112e+01  1.77597478e+02 
 1.98166255e+04  4.66730565e+01  1.77542143e+02 
 2.02735916e+04  4.66726853e+01  1.77485537e+02 
 2.07410951e+04  4.66722968e+01  1.77427631e+02 
 2.12193792e+04  4.66718902e+01  1.77368395e+02 
 2.17086923e+04  4.66714647e+01  1.77307798e+02 
 2.22092889e+04  4.66710193e+01  1.77245811e+02 
 2.27214291e+04  4.66705533e+01  1.77182401e+02 
 2.32453791e+04  4.66700656e+01  1.77117535e+02 
 2.37814113e+04  4.66695551e+01  1.77051182e+02 
 2.43298042e+04  4.66690210e+01  1.76983306e+02 
 2.48908429e+04  4.66684619e+01  1.76913874e+02 
 2.54648190e+04  4.66678769e+01  1.76842851e+02 
 2.60520309e+04  4.66672647e+01  1.76770199e+02 
 2.66527837e+04  4.66666240e+01  1.76695883e+02 
 2.72673897e+04  4.66659535e+01  1.76619865e+02 
 2.78961683e+04  4.66652518e+01  1.76542106e+02 
 2.85394464e+04  4.66645176e+01  1.76462567e+02 
 2.91975583e+04  4.66637492e+01  1.76381208e+02 
 2.98708461e+04  4.66629451e+01  1.76297988e+02 
 3.05596598e+04  4.66621036e+01  1.76212864e+02 
 3.12643573e+04  4.66612231e+01  1.76125796e+02 
 3.19853049e+04  4.66603017e+01  1.76036737e+02 
 3.27228774e+04  4.66593375e+01  1.75945645e+02 
 3.34774581e+04  4.66583286e+01  1.75852474e+02 
 3.42494392e+04  4.66572728e+01  1.75757176e+02 
 3.50392221e+04  4.66561681e+01  1.75659706e+02 
 3.58472171e+04  4.66550121e+01  1.75560013e+02 
 3.66738442e+04  4.66538025e+01  1.75458050e+02 
 3.75195331e+04  4.66525369e+01  1.75353764e+02 
 3.83847234e+04  4.66512126e+01  1.75247106e+02 
 3.92698648e+04  4.66498270e+01  1.75138022e+02 
 4.01754173e+04  4.66483772e+01  1.75026459e+02 
 4.11018515e+04  4.66468603e+01  1.74912363e+02 
 4.20496491e+04  4.66452731e+01  1.74795677e+02 
 4.30193027e+04  4.66436126e+01  1.74676344e+02 
 4.40113162e+04  4.66418753e+01  1.74554308e+02 
 4.50262052e+04  4.66400577e+01  1.74429509e+02 
 4.60644974e+04  4.66381561e+01  1.74301886e+02 
 4.71267322e+04  4.66361666e+01  1.74171378e+02 
 4.82134619e+04  4.66340854e+01  1.74037924e+02 
 4.93252513e+04  4.66319081e+01  1.73901459e+02 
 5.04626783e+04  4.66296304e+01  1.73761919e+02 
 5.16263340e+04  4.66272477e+01  1.73619237e+02 
 5.28168234e+04  4.66247553e+01  1.73473347e+02 
 5.40347650e+04  4.66221481e+01  1.73324180e+02 
 5.52807921e+04  4.66194210e+01  1.73171667e+02 
 5.65555523e+04  4.66165685e+01  1.73015736e+02 
 5.78597080e+04  4.66135849e+01  1.72856318e+02 
 5.91939372e+04  4.66104644e+01  1.72693337e+02 
 6.05589334e+04  4.66072006e+01  1.72526720e+02 
 6.19554061e+04  4.66037872e+01  1.72356392e+02 
 6.33840810e+04  4.66002175e+01  1.72182276e+02 
 6.48457008e+04  4.65964844e+01  1.72004294e+02 
 6.63410251e+04  4.65925805e+01  1.71822368e+02 
 6.78708313e+04  4.65884983e+01  1.71636417e+02 
 6.94359143e+04  4.65842297e+01  1.71446361e+02 
 7.10370877e+04  4.65797665e+01  1.71252117e+02 
 7.26751838e+04  4.65751000e+01  1.71053603e+02 
 7.43510539e+04  4.65702211e+01  1.70850733e+02 
 7.60655691e+04  4.65651206e+01  1.70643423e+02 
 7.78196206e+04  4.65597884e+01  1.70431586e+02 
 7.96141200e+04  4.65542146e+01  1.70215137e+02 
 8.14500001e+04  4.65483883e+01  1.69993985e+02 
 8.33282151e+04  4.65422986e+01  1.69768044e+02 
 8.52497412e+04  4.65359340e+01  1.69537223e+02 
 8.72155772e+04  4.65292824e+01  1.69301432e+02 
 8.92267449e+04  4.65223314e+01  1.69060580e+02 
 9.12842895e+04  4.65150680e+01  1.68814577e+02 
 9.33892805e+04  4.65074787e+01  1.68563330e+02 
 9.55428121e+04  4.64995496e+01  1.68306748e+02 
 9.77460036e+04  4.64912661e+01  1.68044737e+02 
 1.00000000e+05  4.64826130e+01  1.67777205e+02 
 1.02305973e+05  4.64735747e+01  1.67504060e+02 
 1.04665121e+05  4.64641348e+01  1.67225209e+02 
 1.07078670e+05  4.64542765e+01  1.66940560e+02 
 1.09547876e+05  4.64439822e+01  1.66650020e+02 
 1.12074020e+05  4.64332337e+01  1.66353498e+02 
 1.14658417e+05  4.64220122e+01  1.66050903e+02 
 1.17302409e+05  4.64102982e+01  1.65742146e+02 
 1.20007371e+05  4.63980714e+01  1.65427136e+02 
 1.22774708e+05  4.63853110e+01  1.65105786e+02 
 1.25605860e+05  4.63719954e+01  1.64778009e+02 
 1.28502297e+05  4.63581022e+01  1.64443720e+02 
 1.31465525e+05  4.63436083e+01  1.64102837e+02 
 1.34497085e+05  4.63284898e+01  1.63755277e+02 
 1.37598551e+05  4.63127222e+01  1.63400962e+02 
 1.40771537e+05  4.62962802e+01  1.63039816e+02 
 1.44017690e+05  4.62791375e+01  1.62671764e+02 
 1.47338699e+05  4.62612673e+01  1.62296737e+02 
 1.50736290e+05  4.62426418e+01  1.61914668e+02 
 1.54212228e+05  4.62232326e+01  1.61525492e+02 
 1.57768320e+05  4.62030104e+01  1.61129150e+02 
 1.61406415e+05  4.61819452e+01  1.60725588e+02 
 1.65128404e+05  4.61600062e+01  1.60314755e+02 
 1.68936220e+05  4.61371618e+01  1.59896605e+02 
 1.72831844e+05  4.61133796e+01  1.59471098e+02 
 1.76817299e+05  4.60886268e+01  1.59038199e+02 
 1.80894658e+05  4.60628693e+01  1.58597880e+02 
 1.85066040e+05  4.60360729e+01  1.58150119e+02 
 1.89333613e+05  4.60082024e+01  1.57694900e+02 
 1.93699595e+05  4.59792220e+01  1.57232216e+02 
 1.98166255e+05  4.59490954e+01  1.56762065e+02 
 2.02735916e+05  4.59177855e+01  1.56284456e+02 
 2.07410951e+05  4.58852550e+01  1.55799403e+02 
 2.12193792e+05  4.58514659e+01  1.55306931e+02 
 2.17086923e+05  4.58163799e+01  1.54807073e+02 
 2.22092889e+05  4.57799581e+01  1.54299872e+02 
 2.27214291e+05  4.57421615e+01  1.53785379e+02 
 2.32453791e+05  4.57029509e+01  1.53263658e+02 
 2.37814113e+05  4.56622868e+01  1.52734780e+02 
 2.43298042e+05  4.56201295e+01  1.52198829e+02 
 2.48908429e+05  4.55764395e+01  1.51655899e+02 
 2.54648190e+05  4.55311772e+01  1.51106095e+02 
 2.60520309e+05  4.54843033e+01  1.50549533e+02 
 2.66527837e+05  4.54357786e+01  1.49986342e+02 
 2.72673897e+05  4.53855643e+01  1.49416660e+02 
 2.78961683e+05  4.53336219e+01  1.48840639e+02 
 2.85394464e+05  4.52799137e+01  1.48258442e+02 
 2.91975583e+05  4.52244023e+01  1.47670243e+02 
 2.98708461e+05  4.51670514e+01  1.47076228e+02 
 3.05596598e+05  4.51078253e+01  1.46476597e+02 
 3.12643573e+05  4.50466893e+01  1.45871558e+02 
 3.19853049e+05  4.49836099e+01  1.45261333e+02 
 3.27228774e+05  4.49185546e+01  1.44646153e+02 
 3.34774581e+05  4.48514923e+01  1.44026262e+02 
 3.42494392e+05  4.47823933e+01  1.43401913e+02 
 3.50392221e+05  4.47112292e+01  1.42773369e+02 
 3.58472171e+05  4.46379736e+01  1.42140904e+02 
 3.66738442e+05  4.45626014e+01  1.41504800e+02 
 3.75195331e+05  4.44850894e+01  1.40865348e+02 
 3.83847234e+05  4.44054164e+01  1.40222847e+02 
 3.92698648e+05  4.43235631e+01  1.39577603e+02 
 4.01754173e+05  4.42395122e+01  1.38929931e+02 
 4.11018515e+05  4.41532484e+01  1.38280148e+02 
 4.20496491e+05  4.40647588e+01  1.37628578e+02 
 4.30193027e+05  4.39740326e+01  1.36975552e+02 
 4.40113162e+05  4.38810612e+01  1.36321400e+02 
 4.50262052e+05  4.37858383e+01  1.35666458e+02 
 4.60644974e+05  4.36883601e+01  1.35011063e+02 
 4.71267322e+05  4.35886250e+01  1.34355553e+02 
 4.82134619e+05  4.34866336e+01  1.33700265e+02 
 4.93252513e+05  4.33823891e+01  1.33045538e+02 
 5.04626783e+05  4.32758970e+01  1.32391705e+02 
 5.16263340e+05  4.31671649e+01  1.31739102e+02 
 5.28168234e+05  4.30562029e+01  1.31088057e+02 
 5.40347650e+05  4.29430232e+01  1.30438897e+02 
 5.52807921e+05  4.28276402e+01  1.29791941e+02 
 5.65555523e+05  4.27100705e+01  1.29147505e+02 
 5.78597080e+05  4.25903327e+01  1.28505898e+02 
 5.91939372e+05  4.24684474e+01  1.27867419e+02 
 6.05589334e+05  4.23444370e+01  1.27232363e+02 
 6.19554061e+05  4.22183260e+01  1.26601015e+02 
 6.33840810e+05  4.20901403e+01  1.25973650e+02 
 6.48457008e+05  4.19599077e+01  1.25350535e+02 
 6.63410251e+05  4.18276573e+01  1.24731925e+02 
 6.78708313e+05  4.16934199e+01  1.24118068e+02 
 6.94359143e+05  4.15572274e+01  1.23509197e+02 
 7.10370877e+05  4.14191129e+01  1.22905537e+02 
 7.26751838e+05  4.12791108e+01  1.22307300e+02 
 7.43510539e+05  4.11372564e+01  1.21714687e+02 
 7.60655691e+05  4.09935859e+01  1.21127889e+02 
 7.78196206e+05  4.08481362e+01  1.20547081e+02 
 7.96141200e+05  4.07009450e+01  1.19972431e+02 
 8.14500001e+05  4.05520505e+01  1.19404092e+02 
 8.33282151e+05  4.04014914e+01  1.18842206e+02 
 8.52497412e+05  4.02493067e+01  1.18286904e+02 
 8.72155772e+05  4.00955358e+01  1.17738305e+02 
 8.92267449e+05  3.99402181e+01  1.17196515e+02 
 9.12842895e+05  3.97833933e+01  1.16661632e+02 
 9.33892805e+05  3.96251010e+01  1.16133740e+02 
 9.55428121e+05  3.94653806e+01  1.15612914e+02 
 9.77460036e+05  3.93042716e+01  1.15099218e+02 
 1.00000000e+06  3.91418132e+01  1.14592706e+02 
 1.02305973e+06  3.89780441e+01  1.14093420e+02 
 1.04665121e+06  3.88130029e+01  1.13601397e+02 
 1.07078670e+06  3.86467278e+01  1.13116661e+02 
 1.09547876e+06  3.84792563e+01  1.12639227e+02 
 1.12074020e+06  3.83106255e+01  1.12169105e+02 
 1.14658417e+06  3.81408722e+01  1.11706294e+02 
 1.17302409e+06  3.79700323e+01  1.11250785e+02 
 1.20007371e+06  3.77981411e+01  1.10802564e+02 
 1.22774708e+06  3.76252334e+01  1.10361607e+02 
 1.25605860e+06  3.74513431e+01  1.09927886e+02 
 1.28502297e+06  3.72765037e+01  1.09501365e+02 
 1.31465525e+06  3.71007476e+01  1.09082003e+02 
 1.34497085e+06  3.69241069e+01  1.08669754e+02 
 1.37598551e+06  3.67466124e+01  1.08264566e+02 
 1.40771537e+06  3.65682946e+01  1.07866380e+02 
 1.44017690e+06  3.63891830e+01  1.07475138e+02 
 1.47338699e+06  3.62093064e+01  1.07090771e+02 
 1.50736290e+06  3.60286928e+01  1.06713213e+02 
 1.54212228e+06  3.58473694e+01  1.06342388e+02 
 1.57768320e+06  3.56653626e+01  1.05978222e+02 
 1.61406415e+06  3.54826980e+01  1.05620635e+02 
 1.65128404e+06  3.52994006e+01  1.05269544e+02 
 1.68936220e+06  3.51154945e+01  1.04924866e+02 
 1.72831844e+06  3.49310031e+01  1.04586514e+02 
 1.76817299e+06  3.47459489e+01  1.04254398e+02 
 1.80894658e+06  3.45603539e+01  1.03928429e+02 
 1.85066040e+06  3.43742393e+01  1.03608515e+02 
 1.89333613e+06  3.41876255e+01  1.03294561e+02 
 1.93699595e+06  3.40005324e+01  1.02986475e+02 
 1.98166255e+06  3.38129790e+01  1.02684159e+02 
 2.02735916e+06  3.36249837e+01  1.02387518e+02 
 2.07410951e+06  3.34365644e+01  1.02096454e+02 
 2.12193792e+06  3.32477382e+01  1.01810870e+02 
 2.17086923e+06  3.30585217e+01  1.01530669e+02 
 2.22092889e+06  3.28689307e+01  1.01255751e+02 
 2.27214291e+06  3.26789808e+01  1.00986019e+02 
 2.32453791e+06  3.24886865e+01  1.00721374e+02 
 2.37814113e+06  3.22980623e+01  1.00461719e+02 
 2.43298042e+06  3.21071217e+01  1.00206954e+02 
 2.48908429e+06  3.19158780e+01  9.99569825e+01 
 2.54648190e+06  3.17243439e+01  9.97117069e+01 
 2.60520309e+06  3.15325315e+01  9.94710302e+01 
 2.66527837e+06  3.13404526e+01  9.92348559e+01 
 2.72673897e+06  3.11481184e+01  9.90030880e+01 
 2.78961683e+06  3.09555398e+01  9.87756313e+01 
 2.85394464e+06  3.07627272e+01  9.85523911e+01 
 2.91975583e+06  3.05696906e+01  9.83332736e+01 
 2.98708461e+06  3.03764396e+01  9.81181854e+01 
 3.05596598e+06  3.01829834e+01  9.79070344e+01 
 3.12643573e+06  2.99893308e+01  9.76997288e+01 
 3.19853049e+06  2.97954904e+01  9.74961781e+01 
 3.27228774e+06  2.96014703e+01  9.72962924e+01 
 3.34774581e+06  2.94072783e+01  9.70999827e+01 
 3.42494392e+06  2.92129219e+01  9.69071610e+01 
 3.50392221e+06  2.90184084e+01  9.67177402e+01 
 3.58472171e+06  2.88237447e+01  9.65316342e+01 
 3.66738442e+06  2.86289373e+01  9.63487576e+01 
 3.75195331e+06  2.84339928e+01  9.61690263e+01 
 3.83847234e+06  2.82389171e+01  9.59923568e+01 
 3.92698648e+06  2.80437161e+01  9.58186669e+01 
 4.01754173e+06  2.78483955e+01  9.56478749e+01 
 4.11018515e+06  2.76529607e+01  9.54799005e+01 
 4.20496491e+06  2.74574167e+01  9.53146640e+01 
 4.30193027e+06  2.72617687e+01  9.51520868e+01 
 4.40113162e+06  2.70660213e+01  9.49920911e+01 
 4.50262052e+06  2.68701791e+01  9.48346002e+01 
 4.60644974e+06  2.66742466e+01  9.46795382e+01 
 4.71267322e+06  2.64782278e+01  9.45268299e+01 
 4.82134619e+06  2.62821269e+01  9.43764012e+01 
 4.93252513e+06  2.60859478e+01  9.42281788e+01 
 5.04626783e+06  2.58896942e+01  9.40820901e+01 
 5.16263340e+06  2.56933696e+01  9.39380636e+01 
 5.28168234e+06  2.54969775e+01  9.37960284e+01 
 5.40347650e+06  2.53005213e+01  9.36559143e+01 
 5.52807921e+06  2.51040040e+01  9.35176521e+01 
 5.65555523e+06  2.49074288e+01  9.33811731e+01 
 5.78597080e+06  2.47107986e+01  9.32464095e+01 
 5.91939372e+06  2.45141163e+01  9.31132942e+01 
 6.05589334e+06  2.43173845e+01  9.29817606e+01 
 6.19554061e+06  2.41206059e+01  9.28517429e+01 
 6.33840810e+06  2.39237831e+01  9.27231759e+01 
 6.48457008e+06  2.37269185e+01  9.25959950e+01 
 6.63410251e+06  2.35300145e+01  9.24701363e+01 
 6.78708313e+06  2.33330733e+01  9.23455363e+01 
 6.94359143e+06  2.31360972e+01  9.22221320e+01 
 7.10370877e+06  2.29390884e+01  9.20998611e+01 
 7.26751838e+06  2.27420488e+01  9.19786617e+01 
 7.43510539e+06  2.25449805e+01  9.18584723e+01 
 7.60655691e+06  2.23478855e+01  9.17392320e+01 
 7.78196206e+06  2.21507657e+01  9.16208802e+01 
 7.96141200e+06  2.19536230e+01  9.15033567e+01 
 8.14500001e+06  2.17564590e+01  9.13866016e+01 
 8.33282151e+06  2.15592757e+01  9.12705555e+01 
 8.52497412e+06  2.13620747e+01  9.11551592e+01 
 8.72155772e+06  2.11648578e+01  9.10403538e+01 
 8.92267449e+06  2.09676265e+01  9.09260808e+01 
 9.12842895e+06  2.07703825e+01  9.08122816e+01 
 9.33892805e+06  2.05731274e+01  9.06988982e+01 
 9.55428121e+06  2.03758628e+01  9.05858726e+01 
 9.77460036e+06  2.01785903e+01  9.04731469e+01 
 1.00000000e+07  1.99813114e+01  9.03606635e+01 
 1.02305973e+07  1.97840276e+01  9.02483647e+01 
 1.04665121e+07  1.95867404e+01  9.01361932e+01 
 1.07078670e+07  1.93894514e+01  9.00240914e+01 
 1.09547876e+07  1.91921621e+01  8.99120019e+01 
 1.12074020e+07  1.89948740e+01  8.97998673e+01 
 1.14658417e+07  1.87975885e+01  8.96876303e+01 
 1.17302409e+07  1.86003073e+01  8.95752333e+01 
 1.20007371e+07  1.84030318e+01  8.94626188e+01 
 1.22774708e+07  1.82057636e+01  8.93497292e+01 
 1.25605860e+07  1.80085043e+01  8.92365067e+01 
 1.28502297e+07  1.78112553e+01  8.91228934e+01 
 1.31465525e+07  1.76140184e+01  8.90088312e+01 
 1.34497085e+07  1.74167951e+01  8.88942618e+01 
 1.37598551e+07  1.72195870e+01  8.87791267e+01 
 1.40771537e+07  1.70223959e+01  8.86633672e+01 
 1.44017690e+07  1.68252234e+01  8.85469242e+01 
 1.47338699e+07  1.66280713e+01  8.84297383e+01 
 1.50736290e+07  1.64309414e+01  8.83117499e+01 
 1.54212228e+07  1.62338355e+01  8.81928989e+01 
 1.57768320e+07  1.60367555e+01  8.80731250e+01 
 1.61406415e+07  1.58397033e+01  8.79523672e+01 
 1.65128404e+07  1.56426810e+01  8.78305645e+01 
 1.68936220e+07  1.54456906e+01  8.77076551e+01 
 1.72831844e+07  1.52487341e+01  8.75835767e+01 
 1.76817299e+07  1.50518138e+01  8.74582668e+01 
 1.80894658e+07  1.48549320e+01  8.73316621e+01 
 1.85066040e+07  1.46580909e+01  8.72036988e+01 
 1.89333613e+07  1.44612930e+01  8.70743127e+01 
 1.93699595e+07  1.42645407e+01  8.69434388e+01 
 1.98166255e+07  1.40678368e+01  8.68110115e+01 
 2.02735916e+07  1.38711838e+01  8.66769646e+01 
 2.07410951e+07  1.36745846e+01  8.65412313e+01 
 2.12193792e+07  1.34780421e+01  8.64037440e+01 
 2.17086923e+07  1.32815592e+01  8.62644344e+01 
 2.22092889e+07  1.30851391e+01  8.61232335e+01 
 2.27214291e+07  1.28887851e+01  8.59800717e+01 
 2.32453791e+07  1.26925005e+01  8.58348782e+01 
 2.37814113e+07  1.24962888e+01  8.56875819e+01 
 2.43298042e+07  1.23001538e+01  8.55381105e+01 
 2.48908429e+07  1.21040993e+01  8.53863912e+01 
 2.54648190e+07  1.19081291e+01  8.52323500e+01 
 2.60520309e+07  1.17122475e+01  8.50759125e+01 
 2.66527837e+07  1.15164588e+01  8.49170029e+01 
 2.72673897e+07  1.13207675e+01  8.47555449e+01 
 2.78961683e+07  1.11251781e+01  8.45914611e+01 
 2.85394464e+07  1.09296957e+01  8.44246733e+01 
 2.91975583e+07  1.07343253e+01  8.42551023e+01 
 2.98708461e+07  1.05390722e+01  8.40826680e+01 
 3.05596598e+07  1.03439419e+01  8.39072893e+01 
 3.12643573e+07  1.01489402e+01  8.37288843e+01 
 3.19853049e+07  9.95407308e+00  8.35473700e+01 
 3.27228774e+07  9.75934676e+00  8.33626626e+01 
 3.34774581e+07  9.56476780e+00  8.31746772e+01 
 3.42494392e+07  9.37034297e+00  8.29833280e+01 
 3.50392221e+07  9.17607936e+00  8.27885284e+01 
 3.58472171e+07  8.98198436e+00  8.25901906e+01 
 3.66738442e+07  8.78806564e+00  8.23882263e+01 
 3.75195331e+07  8.59433123e+00  8.21825458e+01 
 3.83847234e+07  8.40078946e+00  8.19730589e+01 
 3.92698648e+07  8.20744905e+00  8.17596744e+01 
 4.01754173e+07  8.01431904e+00  8.15423002e+01 
 4.11018515e+07  7.82140887e+00  8.13208436e+01 
 4.20496491e+07  7.62872836e+00  8.10952109e+01 
 4.30193027e+07  7.43628775e+00  8.08653078e+01 
 4.40113162e+07  7.24409767e+00  8.06310393e+01 
 4.50262052e+07  7.05216921e+00  8.03923097e+01 
 4.60644974e+07  6.86051390e+00  8.01490227e+01 
 4.71267322e+07  6.66914372e+00  7.99010816e+01 
 4.82134619e+07  6.47807115e+00  7.96483892e+01 
 4.93252513e+07  6.28730916e+00  7.93908479e+01 
 5.04626783e+07  6.09687122e+00  7.91283596e+01 
 5.16263340e+07  5.90677135e+00  7.88608263e+01 
 5.28168234e+07  5.71702408e+00  7.85881496e+01 
 5.40347650e+07  5.52764455e+00  7.83102312e+01 
 5.52807921e+07  5.33864843e+00  7.80269729e+01 
 5.65555523e+07  5.15005201e+00  7.77382766e+01 
 5.78597080e+07  4.96187217e+00  7.74440447e+01 
 5.91939372e+07  4.77412644e+00  7.71441797e+01 
 6.05589334e+07  4.58683297e+00  7.68385850e+01 
 6.19554061e+07  4.40001057e+00  7.65271648e+01 
 6.33840810e+07  4.21367875e+00  7.62098240e+01 
 6.48457008e+07  4.02785766e+00  7.58864686e+01 
 6.63410251e+07  3.84256818e+00  7.55570061e+01 
 6.78708313e+07  3.65783191e+00  7.52213452e+01 
 6.94359143e+07  3.47367115e+00  7.48793965e+01 
 7.10370877e+07  3.29010896e+00  7.45310724e+01 
 7.26751838e+07  3.10716914e+00  7.41762874e+01 
 7.43510539e+07  2.92487624e+00  7.38149585e+01 
 7.60655691e+07  2.74325560e+00  7.34470051e+01 
 7.78196206e+07  2.56233331e+00  7.30723497e+01 
 7.96141200e+07  2.38213625e+00  7.26909178e+01 
 8.14500001e+07  2.20269206e+00  7.23026385e+01 
 8.33282151e+07  2.02402919e+00  7.19074445e+01 
 8.52497412e+07  1.84617684e+00  7.15052727e+01 
 8.72155772e+07  1.66916502e+00  7.10960642e+01 
 8.92267449e+07  1.49302448e+00  7.06797650e+01 
 9.12842895e+07  1.31778675e+00  7.02563261e+01 
 9.33892805e+07  1.14348410e+00  6.98257037e+01 
 9.55428121e+07  9.70149539e-01  6.93878600e+01 
 9.77460036e+07  7.97816791e-01  6.89427631e+01 
 1.00000000e+08  6.26520278e-01  6.84903877e+01 
 1.02305973e+08  4.56295088e-01  6.80307153e+01 
 1.04665121e+08  2.87176952e-01  6.75637347e+01 
 1.07078670e+08  1.19202208e-01  6.70894421e+01 
 1.09547876e+08 -4.75922395e-02  6.66078418e+01 
 1.12074020e+08 -2.13168954e-01  6.61189464e+01 
 1.14658417e+08 -3.77490019e-01  6.56227771e+01 
 1.17302409e+08 -5.40517087e-01  6.51193644e+01 
 1.20007371e+08 -7.02211436e-01  6.46087479e+01 
 1.22774708e+08 -8.62534025e-01  6.40909771e+01 
 1.25605860e+08 -1.02144557e+00  6.35661116e+01 
 1.28502297e+08 -1.17890659e+00  6.30342212e+01 
 1.31465525e+08 -1.33487751e+00  6.24953864e+01 
 1.34497085e+08 -1.48931873e+00  6.19496988e+01 
 1.37598551e+08 -1.64219069e+00  6.13972609e+01 
 1.40771537e+08 -1.79345397e+00  6.08381865e+01 
 1.44017690e+08 -1.94306940e+00  6.02726013e+01 
 1.47338699e+08 -2.09099812e+00  5.97006421e+01 
 1.50736290e+08 -2.23720170e+00  5.91224580e+01 
 1.54212228e+08 -2.38164225e+00  5.85382096e+01 
 1.57768320e+08 -2.52428247e+00  5.79480694e+01 
 1.61406415e+08 -2.66508584e+00  5.73522217e+01 
 1.65128404e+08 -2.80401667e+00  5.67508626e+01 
 1.68936220e+08 -2.94104020e+00  5.61441998e+01 
 1.72831844e+08 -3.07612276e+00  5.55324523e+01 
 1.76817299e+08 -3.20923185e+00  5.49158504e+01 
 1.80894658e+08 -3.34033621e+00  5.42946355e+01 
 1.85066040e+08 -3.46940602e+00  5.36690592e+01 
 1.89333613e+08 -3.59641290e+00  5.30393837e+01 
 1.93699595e+08 -3.72133010e+00  5.24058807e+01 
 1.98166255e+08 -3.84413253e+00  5.17688312e+01 
 2.02735916e+08 -3.96479689e+00  5.11285250e+01 
 2.07410951e+08 -4.08330177e+00  5.04852599e+01 
 2.12193792e+08 -4.19962768e+00  4.98393414e+01 
 2.17086923e+08 -4.31375718e+00  4.91910817e+01 
 2.22092889e+08 -4.42567493e+00  4.85407989e+01 
 2.27214291e+08 -4.53536774e+00  4.78888166e+01 
 2.32453791e+08 -4.64282464e+00  4.72354630e+01 
 2.37814113e+08 -4.74803691e+00  4.65810699e+01 
 2.43298042e+08 -4.85099813e+00  4.59259719e+01 
 2.48908429e+08 -4.95170420e+00  4.52705058e+01 
 2.54648190e+08 -5.05015336e+00  4.46150092e+01 
 2.60520309e+08 -5.14634618e+00  4.39598204e+01 
 2.66527837e+08 -5.24028559e+00  4.33052767e+01 
 2.72673897e+08 -5.33197685e+00  4.26517140e+01 
 2.78961683e+08 -5.42142750e+00  4.19994659e+01 
 2.85394464e+08 -5.50864740e+00  4.13488627e+01 
 2.91975583e+08 -5.59364861e+00  4.07002306e+01 
 2.98708461e+08 -5.67644540e+00  4.00538911e+01 
 3.05596598e+08 -5.75705415e+00  3.94101599e+01 
 3.12643573e+08 -5.83549334e+00  3.87693464e+01 
 3.19853049e+08 -5.91178339e+00  3.81317527e+01 
 3.27228774e+08 -5.98594669e+00  3.74976735e+01 
 3.34774581e+08 -6.05800741e+00  3.68673949e+01 
 3.42494392e+08 -6.12799149e+00  3.62411941e+01 
 3.50392221e+08 -6.19592649e+00  3.56193389e+01 
 3.58472171e+08 -6.26184151e+00  3.50020871e+01 
 3.66738442e+08 -6.32576710e+00  3.43896861e+01 
 3.75195331e+08 -6.38773514e+00  3.37823728e+01 
 3.83847234e+08 -6.44777873e+00  3.31803729e+01 
 3.92698648e+08 -6.50593209e+00  3.25839011e+01 
 4.01754173e+08 -6.56223044e+00  3.19931602e+01 
 4.11018515e+08 -6.61670990e+00  3.14083419e+01 
 4.20496491e+08 -6.66940739e+00  3.08296257e+01 
 4.30193027e+08 -6.72036050e+00  3.02571797e+01 
 4.40113162e+08 -6.76960740e+00  2.96911601e+01 
 4.50262052e+08 -6.81718675e+00  2.91317113e+01 
 4.60644974e+08 -6.86313756e+00  2.85789661e+01 
 4.71267322e+08 -6.90749913e+00  2.80330459e+01 
 4.82134619e+08 -6.95031097e+00  2.74940605e+01 
 4.93252513e+08 -6.99161265e+00  2.69621087e+01 
 5.04626783e+08 -7.03144376e+00  2.64372783e+01 
 5.16263340e+08 -7.06984385e+00  2.59196464e+01 
 5.28168234e+08 -7.10685229e+00  2.54092796e+01 
 5.40347650e+08 -7.14250826e+00  2.49062344e+01 
 5.52807921e+08 -7.17685062e+00  2.44105575e+01 
 5.65555523e+08 -7.20991793e+00  2.39222861e+01 
 5.78597080e+08 -7.24174831e+00  2.34414482e+01 
 5.91939372e+08 -7.27237944e+00  2.29680631e+01 
 6.05589334e+08 -7.30184849e+00  2.25021415e+01 
 6.19554061e+08 -7.33019209e+00  2.20436861e+01 
 6.33840810e+08 -7.35744625e+00  2.15926921e+01 
 6.48457008e+08 -7.38364640e+00  2.11491470e+01 
 6.63410251e+08 -7.40882727e+00  2.07130318e+01 
 6.78708313e+08 -7.43302295e+00  2.02843206e+01 
 6.94359143e+08 -7.45626678e+00  1.98629814e+01 
 7.10370877e+08 -7.47859141e+00  1.94489763e+01 
 7.26751838e+08 -7.50002873e+00  1.90422621e+01 
 7.43510539e+08 -7.52060987e+00  1.86427902e+01 
 7.60655691e+08 -7.54036521e+00  1.82505075e+01 
 7.78196206e+08 -7.55932433e+00  1.78653563e+01 
 7.96141200e+08 -7.57751605e+00  1.74872748e+01 
 8.14500001e+08 -7.59496840e+00  1.71161974e+01 
 8.33282151e+08 -7.61170864e+00  1.67520550e+01 
 8.52497412e+08 -7.62776324e+00  1.63947753e+01 
 8.72155772e+08 -7.64315790e+00  1.60442830e+01 
 8.92267449e+08 -7.65791754e+00  1.57005004e+01 
 9.12842895e+08 -7.67206633e+00  1.53633471e+01 
 9.33892805e+08 -7.68562767e+00  1.50327408e+01 
 9.55428121e+08 -7.69862424e+00  1.47085971e+01 
 9.77460036e+08 -7.71107797e+00  1.43908302e+01 
 1.00000000e+09 -7.72301006e+00  1.40793525e+01 
 1.02305973e+09 -7.73444102e+00  1.37740753e+01 
 1.04665121e+09 -7.74539066e+00  1.34749090e+01 
 1.07078670e+09 -7.75587811e+00  1.31817629e+01 
 1.09547876e+09 -7.76592182e+00  1.28945457e+01 
 1.12074020e+09 -7.77553962e+00  1.26131655e+01 
 1.14658417e+09 -7.78474867e+00  1.23375299e+01 
 1.17302409e+09 -7.79356553e+00  1.20675466e+01 
 1.20007371e+09 -7.80200617e+00  1.18031227e+01 
 1.22774708e+09 -7.81008594e+00  1.15441657e+01 
 1.25605860e+09 -7.81781965e+00  1.12905831e+01 
 1.28502297e+09 -7.82522154e+00  1.10422825e+01 
 1.31465525e+09 -7.83230532e+00  1.07991720e+01 
 1.34497085e+09 -7.83908417e+00  1.05611601e+01 
 1.37598551e+09 -7.84557078e+00  1.03281556e+01 
 1.40771537e+09 -7.85177733e+00  1.01000681e+01 
 1.44017690e+09 -7.85771553e+00  9.87680779e+00 
 1.47338699e+09 -7.86339666e+00  9.65828562e+00 
 1.50736290e+09 -7.86883152e+00  9.44441326e+00 
 1.54212228e+09 -7.87403050e+00  9.23510325e+00 
 1.57768320e+09 -7.87900357e+00  9.03026900e+00 
 1.61406415e+09 -7.88376030e+00  8.82982487e+00 
 1.65128404e+09 -7.88830990e+00  8.63368617e+00 
 1.68936220e+09 -7.89266116e+00  8.44176924e+00 
 1.72831844e+09 -7.89682256e+00  8.25399143e+00 
 1.76817299e+09 -7.90080220e+00  8.07027120e+00 
 1.80894658e+09 -7.90460788e+00  7.89052805e+00 
 1.85066040e+09 -7.90824704e+00  7.71468262e+00 
 1.89333613e+09 -7.91172685e+00  7.54265669e+00 
 1.93699595e+09 -7.91505417e+00  7.37437317e+00 
 1.98166255e+09 -7.91823557e+00  7.20975613e+00 
 2.02735916e+09 -7.92127734e+00  7.04873080e+00 
 2.07410951e+09 -7.92418553e+00  6.89122360e+00 
 2.12193792e+09 -7.92696591e+00  6.73716211e+00 
 2.17086923e+09 -7.92962403e+00  6.58647512e+00 
 2.22092889e+09 -7.93216520e+00  6.43909258e+00 
 2.27214291e+09 -7.93459449e+00  6.29494564e+00 
 2.32453791e+09 -7.93691677e+00  6.15396662e+00 
 2.37814113e+09 -7.93913670e+00  6.01608902e+00 
 2.43298042e+09 -7.94125875e+00  5.88124753e+00 
 2.48908429e+09 -7.94328719e+00  5.74937799e+00 
 2.54648190e+09 -7.94522609e+00  5.62041740e+00 
 2.60520309e+09 -7.94707939e+00  5.49430392e+00 
 2.66527837e+09 -7.94885082e+00  5.37097686e+00 
 2.72673897e+09 -7.95054397e+00  5.25037664e+00 
 2.78961683e+09 -7.95216227e+00  5.13244484e+00 
 2.85394464e+09 -7.95370901e+00  5.01712410e+00 
 2.91975583e+09 -7.95518731e+00  4.90435821e+00 
 2.98708461e+09 -7.95660020e+00  4.79409202e+00 
 3.05596598e+09 -7.95795054e+00  4.68627145e+00 
 3.12643573e+09 -7.95924109e+00  4.58084349e+00 
 3.19853049e+09 -7.96047447e+00  4.47775618e+00 
 3.27228774e+09 -7.96165321e+00  4.37695857e+00 
 3.34774581e+09 -7.96277971e+00  4.27840076e+00 
 3.42494392e+09 -7.96385627e+00  4.18203382e+00 
 3.50392221e+09 -7.96488509e+00  4.08780983e+00 
 3.58472171e+09 -7.96586829e+00  3.99568183e+00 
 3.66738442e+09 -7.96680787e+00  3.90560383e+00 
 3.75195331e+09 -7.96770576e+00  3.81753077e+00 
 3.83847234e+09 -7.96856381e+00  3.73141852e+00 
 3.92698648e+09 -7.96938377e+00  3.64722386e+00 
 4.01754173e+09 -7.97016733e+00  3.56490447e+00 
 4.11018515e+09 -7.97091609e+00  3.48441890e+00 
 4.20496491e+09 -7.97163160e+00  3.40572659e+00 
 4.30193027e+09 -7.97231534e+00  3.32878779e+00 
 4.40113162e+09 -7.97296869e+00  3.25356363e+00 
 4.50262052e+09 -7.97359302e+00  3.18001602e+00 
 4.60644974e+09 -7.97418961e+00  3.10810769e+00 
 4.71267322e+09 -7.97475968e+00  3.03780216e+00 
 4.82134619e+09 -7.97530441e+00  2.96906373e+00 
 4.93252513e+09 -7.97582492e+00  2.90185745e+00 
 5.04626783e+09 -7.97632230e+00  2.83614912e+00 
 5.16263340e+09 -7.97679756e+00  2.77190526e+00 
 5.28168234e+09 -7.97725168e+00  2.70909313e+00 
 5.40347650e+09 -7.97768561e+00  2.64768066e+00 
 5.52807921e+09 -7.97810024e+00  2.58763649e+00 
 5.65555523e+09 -7.97849643e+00  2.52892994e+00 
 5.78597080e+09 -7.97887499e+00  2.47153097e+00 
 5.91939372e+09 -7.97923671e+00  2.41541020e+00 
 6.05589334e+09 -7.97958233e+00  2.36053890e+00 
 6.19554061e+09 -7.97991258e+00  2.30688892e+00 
 6.33840810e+09 -7.98022813e+00  2.25443276e+00 
 6.48457008e+09 -7.98052964e+00  2.20314349e+00 
 6.63410251e+09 -7.98081773e+00  2.15299479e+00 
 6.78708313e+09 -7.98109300e+00  2.10396087e+00 
 6.94359143e+09 -7.98135601e+00  2.05601655e+00 
 7.10370877e+09 -7.98160732e+00  2.00913716e+00 
 7.26751838e+09 -7.98184744e+00  1.96329858e+00 
 7.43510539e+09 -7.98207688e+00  1.91847721e+00 
 7.60655691e+09 -7.98229610e+00  1.87464998e+00 
 7.78196206e+09 -7.98250555e+00  1.83179430e+00 
 7.96141200e+09 -7.98270569e+00  1.78988808e+00 
 8.14500001e+09 -7.98289691e+00  1.74890971e+00 
 8.33282151e+09 -7.98307962e+00  1.70883807e+00 
 8.52497412e+09 -7.98325419e+00  1.66965247e+00 
 8.72155772e+09 -7.98342099e+00  1.63133270e+00 
 8.92267449e+09 -7.98358037e+00  1.59385895e+00 
 9.12842895e+09 -7.98373264e+00  1.55721189e+00 
 9.33892805e+09 -7.98387814e+00  1.52137257e+00 
 9.55428121e+09 -7.98401715e+00  1.48632249e+00 
 9.77460036e+09 -7.98414998e+00  1.45204351e+00 
 1.00000000e+10 -7.98427689e+00  1.41851793e+00 
